word,1,2,3,4,5,6,7,8,9,10,11,12,13,14,15,16,17,18,19,20,21,22,23,24,25,26,27,28,29,30,31
un,0.320693,0.080054,0.280866,0.191642,-0.076795,0.156943,-0.282387,-0.603614,-0.138748,-0.226762,-0.007777,-0.140712,-0.218594,-0.560376,-0.031942,-0.784111,0.215144,-0.111102,0.581918,0.509665,0.546225,-0.150513,-0.022061,-0.161916,0.259494,-2.742166,-0.070273,0.074754,0.163399,-0.074296,-0.127316
nombre,0.115165,0.325248,0.052578,1.195885,-0.7224,-0.358642,-0.563326,-0.222276,0.111725,-0.558489,0.387197,-0.208734,-0.15953,-0.914446,0.192055,-0.010406,-0.215762,-0.376633,0.144531,-0.505455,0.749528,-0.218872,-0.009041,0.6346,0.143741,-2.581922,0.22374,0.3501,-0.161721,0.398046,-0.652779
$\mathbb{N}$,0.158519,-0.037624,0.768652,0.151678,-0.423514,0.249471,-0.199698,-0.220683,-0.108942,0.186221,0.003996,0.016234,-0.360537,-0.688848,0.107448,-0.299633,-0.096094,-0.222941,-0.264634,0.130803,0.363987,-0.475169,0.222739,0.599667,0.348505,-2.519194,-0.436474,0.011359,-0.151586,0.457107,0.084628
deux,0.155894,0.217413,0.249068,0.247904,0.282505,0.350843,-0.317571,-0.552239,-0.491658,0.152028,0.011412,0.007888,-0.059274,-1.034797,-0.080108,-0.783128,-0.098006,-0.934201,0.331998,0.847722,0.454046,-0.107794,0.132226,0.185161,0.54759,-2.250788,0.38152,-0.262745,0.362045,0.308901,-0.190711
fonction,0.842582,0.031223,-0.339611,-0.049437,0.863516,-0.205111,-0.647377,-0.509878,0.476821,-0.662853,-0.4596,-1.114143,-0.333505,-0.570529,-0.555942,-0.389943,0.0355,-0.24762,-0.477775,-0.231586,0.442633,0.048224,-1.151065,1.097645,0.490968,-2.334131,-0.004398,-0.030947,-0.215913,-0.196066,0.639203
premier,0.952988,-0.342898,0.17271,0.64011,0.081565,0.707186,0.234272,-0.433915,-0.182835,-0.184047,0.170882,0.39378,-0.426401,-1.129143,-0.11248,-0.560172,-0.037454,-0.609003,-0.020724,1.051113,0.137754,-0.219255,0.021914,0.241614,0.018618,-1.51333,0.746281,0.083807,0.243194,0.64049,0.044447
ensemble,0.525633,0.350446,-0.326015,0.143863,0.440937,-0.200917,-0.883834,-0.19299,-0.138065,-0.266612,0.164278,0.223802,0.559128,-0.490978,-0.487326,-0.481527,0.30381,-0.213445,0.3336,0.542229,0.171047,-0.061647,-0.278021,0.028495,-0.132202,-2.081526,-0.504116,0.334862,0.621098,0.39437,0.089574
point,-0.215585,0.394296,0.486236,0.844746,-0.731987,-0.395897,-0.357549,0.059387,-0.177484,-0.299194,-0.153262,0.563012,0.193532,-0.597326,0.174823,-0.045432,-0.772839,-0.671302,0.42385,0.066048,-0.56151,-0.38442,1.005969,1.373722,-0.085987,-2.068929,0.438367,-0.595835,0.824604,0.078634,-0.294075
théorie,1.220922,-1.052024,0.424908,0.593194,-1.916125,0.664999,-1.645111,-0.543861,0.048528,-0.339061,-0.337279,-1.233328,-0.090459,0.94861,-0.113996,-0.528424,-0.441565,0.572146,-0.463828,-0.385788,-0.658757,0.390186,-0.059784,0.861415,-0.743455,-1.579928,-0.784331,0.204321,0.370332,-0.233202,1.458418
exemple,0.065538,0.475397,0.597768,0.414356,-0.227928,-0.118061,-0.459835,-0.37211,0.247191,-0.293713,-0.098802,-0.582988,-0.162215,-0.451715,0.182516,-0.716539,0.173668,0.398712,0.074556,-0.195554,0.605545,0.128857,-0.135863,0.120931,-0.342065,-2.394985,-0.66971,0.386118,0.034088,-0.144855,0.889156
espace,0.479039,0.590237,-0.310203,-0.173178,-0.217509,-0.973193,-1.091956,-0.449893,-0.511389,-0.163318,0.012022,-0.105027,0.17488,0.028851,-1.015426,-0.530427,0.306384,0.724628,0.746002,0.283029,-0.268869,0.226701,-0.142492,-0.330275,-0.014999,-2.106792,-0.451095,-0.110916,1.528167,0.213696,0.210968
théorème,-0.115521,-0.849274,0.148652,-0.005383,-0.753744,-0.322695,-1.645873,-0.571237,0.097934,-0.475785,0.111114,-0.823197,-0.719888,0.041255,0.159198,0.365077,-1.149534,-0.216805,-0.226329,-1.257606,-0.661392,1.099998,0.162444,1.783152,0.468933,0.495985,-1.611561,0.372264,0.93941,-0.997016,2.150414
problème,0.99119,-0.379163,0.778409,0.038066,-1.073881,-0.013316,-0.121404,-0.340378,0.196791,-0.283791,-0.481872,-0.565161,-0.412086,-0.018823,0.245267,-0.381478,-0.694576,0.922224,0.108763,-0.403434,-0.580912,-0.603906,0.001749,0.503931,0.238091,-2.218741,-0.398105,-0.051958,-0.460199,-0.360986,0.326291
valeur,0.182049,0.010975,0.083792,0.839226,-0.553227,-0.312097,-1.304223,-0.076044,0.703447,-0.085325,-0.480216,0.053927,-0.298009,-0.627212,-0.303417,-0.151072,0.348583,0.429096,0.382791,-1.195803,0.365751,0.231244,0.051796,1.294318,-0.262438,-2.40846,-0.609661,0.538241,0.302223,-0.336524,0.283362
groupe,0.650853,0.038079,-0.203321,0.624457,0.223821,0.568436,0.642661,-0.093511,0.791168,-0.544881,0.152812,0.623693,0.168511,-0.01561,0.107602,0.001638,-0.265549,-0.162772,0.146856,1.574904,0.278977,0.010999,-0.162094,-0.322456,-0.309084,-1.931264,-0.325293,-0.646825,0.028109,1.554119,0.577069
graphe,-0.661178,0.293327,0.139705,0.175379,-0.217892,-1.673147,-1.58295,0.080056,-0.006234,-0.484959,0.258253,-0.690936,0.07578,0.724936,-0.424515,0.389489,-0.652757,-0.333319,0.715709,-1.250505,0.216678,0.403511,-0.631858,0.52558,-0.399829,-0.011417,-0.762461,0.02259,0.730141,0.073748,1.240212
forme,-0.127735,0.701172,0.497555,0.284177,-0.231675,-0.098244,-1.382448,-0.087162,-0.046339,0.043991,-0.458349,-0.726674,0.23382,-0.727239,0.357055,-1.054926,0.139164,-0.130052,0.558077,0.508157,0.656807,0.544464,-0.254357,-0.362304,-0.159579,-2.242221,-0.293334,0.268216,0.259548,0.461192,1.12785
entier,0.102837,0.164835,0.167623,0.597771,0.207409,-0.272217,-0.64064,-0.116218,0.137575,0.326965,0.460224,-0.422309,0.131842,-0.730031,0.111861,-0.15685,0.285786,-0.062412,0.018972,-0.223467,0.78923,0.127475,0.135067,-0.243702,0.078118,-1.902242,-0.179536,-0.019783,0.285338,0.712442,0.114186
système,0.60454,0.565558,0.347256,0.431934,-0.487523,-1.36912,-0.419221,-0.967864,0.743787,-0.695374,-0.049711,-0.973616,-0.788442,0.022063,-0.88689,-0.975341,-0.138178,0.194321,0.496828,0.132084,-0.458492,0.541654,-0.587282,0.60557,-0.144707,-2.538558,-0.055901,-0.025369,-0.622882,0.008173,1.333029
équation,-0.550674,-0.835788,0.53057,0.210609,-0.370534,-0.046269,-1.83209,-0.273949,0.084135,-1.054326,0.168369,-1.451623,-1.145477,-0.375427,-0.201795,-0.540892,-1.499021,0.062607,-0.335781,-0.931861,-0.934327,1.481354,0.200212,1.842673,0.830084,-0.47278,-1.311755,0.229562,0.83195,-0.720712,2.167776
suite,1.382335,-0.223849,0.51203,-0.215317,-0.157186,0.564478,0.371759,-0.420882,-0.064095,-0.07189,0.102719,0.13268,-0.334661,-0.84934,0.144673,-0.068632,-0.258571,0.07067,-0.081524,0.85668,-0.149754,-0.393195,0.070473,0.072144,0.509082,-1.546172,0.612919,0.250934,-0.413575,0.709394,-0.064125
algorithme,-0.242516,0.212714,1.029278,0.485749,-0.546654,-1.243193,-0.042923,0.232291,0.909952,-0.220321,0.291633,-1.173209,-0.328733,0.280354,-0.015825,-0.206073,-0.937478,-0.23026,0.712917,-0.592431,-1.217099,-0.361359,-0.823293,0.63021,-0.233942,-0.643639,-0.630144,0.575647,0.254262,-1.104809,2.050777
calcul,0.191852,0.015759,0.48366,0.816231,-0.750383,-0.928008,-0.958987,0.061593,0.578797,-0.723893,0.251932,-1.317483,-1.164495,-0.576331,-0.437632,-0.391555,-0.792943,0.272878,0.515279,-1.079687,-0.542137,0.064516,-0.661083,1.469121,0.161815,-1.338824,-0.172882,1.056177,0.446079,-0.787724,0.972773
application,1.122393,1.10776,0.265496,0.69292,0.178428,-1.109387,0.011033,-0.268924,1.102939,-0.303215,0.301951,-1.038601,-0.559743,0.112293,-0.550552,-0.612355,0.452355,0.841745,-0.096798,-0.188,-0.77009,-0.107192,-0.809463,0.968154,-0.147422,-1.983475,-0.191884,0.646548,-0.684749,-0.045714,1.690577
élément,-0.279418,0.855508,0.032836,-0.021186,-0.697483,0.267533,-1.355333,-0.657601,0.34965,-0.337974,0.171335,-0.309605,0.689505,-0.374859,0.359992,-0.996683,0.071559,0.207543,0.362076,0.218759,0.337419,0.455527,-0.658614,0.326532,-0.47139,-2.323787,-0.223031,0.82014,0.322657,-0.083835,1.042247
grand,0.312532,-0.273215,-0.210037,-0.078429,-0.018579,0.117413,-0.753735,-0.196323,-0.718542,-0.228302,-0.348384,0.539383,-0.328507,-0.58305,-0.261466,-1.123521,0.635858,0.045591,0.268711,0.859072,0.531259,-0.151867,0.192147,-0.160626,-0.099533,-1.718872,0.450482,-0.012335,0.48374,0.144498,-0.769559
propriété,0.659657,0.324524,-0.756385,-0.095483,0.112911,-0.50755,-1.342929,-0.666837,-0.399179,-0.191652,-0.276014,-0.834726,-0.956872,-0.012231,0.809876,-0.762915,0.823489,0.571606,0.054613,0.30201,0.753348,0.394923,0.049864,0.98654,0.620331,-1.361412,-0.649727,0.505691,-0.295253,-0.211636,0.635644
ordre,0.204313,-0.213869,0.361636,-0.580949,0.179202,0.625338,-0.843236,-0.939393,0.080788,-0.005052,-0.0571,-0.11689,-0.344249,-0.226592,-0.348045,-0.659916,0.752771,-0.351737,-1.443865,-0.087277,0.872431,0.693304,-0.315056,0.828775,0.08192,-1.679965,1.092123,-0.182484,-0.457835,-0.158355,-0.221372
variable,-0.372679,1.029303,0.614815,0.474666,0.274689,-0.910275,-1.316765,0.651537,0.631059,-0.917656,0.192505,-1.175107,-0.65263,-0.859684,-0.301756,-0.438185,-0.597348,0.308773,0.447503,-0.884546,0.028609,1.200952,0.060046,0.69388,-0.244758,-1.896431,-0.666712,-0.024246,-0.152779,-0.393758,0.552764
base,-0.384074,0.684035,-0.08831,0.867463,-0.107909,-0.817685,-0.59892,-0.484407,0.516034,-0.509921,0.447286,-0.423524,0.334735,-0.127559,0.153719,-1.033615,0.516324,-0.177955,-0.011319,0.271063,-0.306485,0.224887,-0.238623,0.003274,-0.116164,-2.217972,0.406267,0.167725,-0.337533,-0.13895,0.6576
géométrie,-0.352523,0.2417,-0.227468,0.311525,-0.704813,-0.236299,-1.949377,-0.331951,0.362412,-0.094978,-0.423517,-1.504602,0.288622,-0.07907,-0.983245,-1.085296,-1.076385,-0.026548,0.14982,-0.379671,-0.690947,0.649109,-0.88571,0.64494,-0.308487,-0.113727,-0.487909,0.20395,0.971501,-0.421745,1.592078
analyse,0.916752,-0.009444,0.109485,0.473285,-0.642585,0.434151,-0.531524,0.585425,0.02464,-0.599912,0.155146,-0.849054,0.264863,0.452565,-0.209121,-0.424573,-0.480058,0.805623,-0.647004,-0.567537,-0.735769,-0.092597,-0.436959,0.437544,-0.944909,-2.101326,-0.408948,0.924616,0.58951,-0.322875,1.080844
loi,1.51294,-0.266927,-0.222551,-0.093694,-0.446406,-0.024403,-0.439625,-0.869728,0.33874,-0.211037,-0.271928,-0.084789,-0.149441,-0.529793,0.013597,1.257452,1.032776,-0.28454,-1.380147,-0.947982,-0.409947,0.595286,0.205228,0.960995,0.95022,-2.172693,-0.693422,0.117923,-0.835812,0.088265,0.400302
définition,0.500969,0.191198,0.595592,0.489338,-0.663925,-0.760355,-0.995703,-0.048699,0.328393,-0.747395,-0.326492,-0.72195,-0.345246,0.051436,-0.343759,-0.000558,0.221967,0.238026,-0.120338,-1.143947,-0.070654,0.33513,-0.421567,0.614506,-0.628659,-2.206897,-0.801091,0.412499,0.313738,0.015997,1.339184
réel,0.683503,-0.084937,0.91374,-0.22969,-1.181719,-0.001543,-0.543778,-0.127847,0.384568,-0.255848,-0.105165,-0.291697,-0.718975,-0.043492,-0.783261,-0.066578,0.060414,0.415775,0.939208,-0.368482,-0.177483,-0.003171,0.07618,0.568198,-0.474015,-2.434722,-0.755045,0.541312,0.107951,0.054592,0.305224
dimension,0.22007,0.849238,0.392479,0.117335,-1.051435,-0.304109,-1.819328,-0.106819,0.513437,0.105844,-0.21182,-0.154096,0.291997,-0.0919,-0.715151,-0.292903,0.025441,-0.063519,1.013373,0.299732,-0.523376,0.670492,-0.013776,0.480839,-0.568048,-1.77548,-0.465575,0.500689,0.665437,-0.193971,-0.019482
statistique,0.859978,0.06787,-0.180001,1.044122,-0.354379,-0.544723,0.483363,-0.546525,0.195122,-1.479327,0.036379,0.56613,-0.643217,-0.196919,1.339368,0.670279,-0.732518,-0.596727,-0.404107,-0.302274,-0.092154,-0.622486,0.609422,1.432543,-1.017757,-1.094697,0.80416,-0.823754,1.513461,-1.121857,0.229006
sommet,-0.173629,-0.462921,0.189989,-0.438986,0.915838,-0.817535,-1.360037,0.274308,-0.80623,-0.381461,0.398425,0.927609,0.953641,-0.159399,0.411228,-0.701558,-0.358714,-0.690985,0.790897,0.436182,0.166245,0.174452,0.384238,-0.9691,0.058213,-1.610453,0.939761,-0.470219,0.805614,-0.031239,-0.341357
logique,0.57469,-0.086798,0.680854,0.090259,-1.458245,-0.216928,-0.817078,-0.654176,0.355931,-0.091313,-0.535229,-1.107736,0.327187,0.048259,-0.678683,-0.230481,-0.040276,0.283672,0.157105,-0.890102,-0.908121,-0.347499,-0.467989,1.324278,-0.568546,-1.219198,-0.852485,-0.117929,0.829076,0.299981,1.571012
terme,0.372378,-0.283076,0.66113,0.162094,-0.443007,-0.179259,-0.536433,-0.589986,0.403667,-0.656912,-0.475147,-0.206436,-0.056039,-0.624212,0.560714,-0.622172,0.052168,0.26312,0.022146,-0.260698,0.527281,-0.480762,-0.047811,0.292527,-0.502662,-2.045132,-0.230448,-0.199258,0.014991,0.14448,0.747314
trois,0.10042,0.310113,-0.036365,0.269594,0.275298,0.314679,-0.235173,-0.463197,-0.50449,0.192076,0.186238,0.194825,0.000242,-1.221409,-0.098387,-0.568769,0.030448,-0.943456,0.064275,0.78124,0.366039,-0.042072,0.159334,0.139694,0.340947,-2.025817,0.559602,-0.13558,0.695516,0.201635,-0.402858
plan,0.710858,0.145551,-0.163327,-0.570249,0.127386,-0.511365,-1.104315,-0.0723,-0.353292,-0.399849,0.123777,0.050357,0.621665,-0.212731,-0.344095,-0.638119,0.510705,-0.118089,0.381831,0.168364,-1.085161,0.025595,-0.256484,0.309799,0.207803,-2.208219,0.285792,0.347172,0.191447,0.000657,0.102152
formule,0.446455,0.086679,0.057156,0.872051,-0.812716,0.3977,-0.322902,0.086496,0.17064,0.018732,-0.199935,0.306993,-0.894385,-1.190799,0.22505,-0.521617,-1.59263,-0.503811,0.013001,-0.038468,-0.025509,0.01289,-0.370988,0.79098,-0.548491,-0.964902,-0.261436,-0.365369,0.433208,0.241005,1.328857
droite,-0.403589,0.149158,-0.117693,-0.557354,0.425959,0.521885,-0.863807,0.004514,-1.067211,0.309029,-1.091908,-0.0394,1.523555,0.205858,-0.172697,-0.253753,0.136391,-1.117689,0.856327,-0.377809,0.275968,0.517883,0.446577,0.296695,0.591802,-2.199547,1.044236,-0.694464,0.474255,0.747449,0.666991
$\mathbb{C}$,-0.309337,0.792035,0.451262,0.82523,-0.414834,-0.288735,-0.102228,-0.180015,0.062844,-0.182989,-0.419025,-0.197469,-0.014977,-0.617545,-0.147734,-0.582001,-0.086786,0.13275,-0.563409,0.299494,0.061813,-0.176863,0.403936,0.716995,-0.000558,-1.317994,-0.212831,-0.196749,0.021442,0.510495,0.098275
solution,0.384289,0.206854,-0.126979,0.552944,-0.080217,-0.541204,-0.39731,-0.043093,0.893064,0.221669,0.023872,-0.347645,-0.314706,0.208189,0.123357,-0.887107,-0.585808,1.327222,0.437683,-0.036575,-0.550033,-0.061267,-0.289714,1.049142,0.472145,-1.886498,-0.918522,0.450949,-0.564442,0.069894,1.692781
modèle,0.281992,0.964343,-0.250253,1.071012,-1.616104,-0.242111,-0.879871,-0.440661,0.264027,0.029882,-0.357403,-0.415609,-0.892422,-0.20637,-0.525768,-1.15176,-0.096869,-0.372328,0.981273,0.398424,-0.597709,0.491871,-0.890722,0.619252,-0.57452,-1.454257,-0.459967,0.063813,-0.504943,0.255431,0.649369
linéaire,-0.506093,0.41671,0.361617,0.679051,-0.461026,-0.995434,-1.633474,0.302462,0.099524,-0.723981,-0.345435,-1.331077,0.222218,-0.375838,-0.32713,-0.568348,-1.080778,-0.292485,0.947996,-0.60104,-0.505983,1.117021,-0.056162,0.057774,0.203717,-1.395089,-0.52097,0.555868,0.538602,-0.088888,1.519353
probabilité,-0.190919,-0.181528,0.81636,-0.12389,-0.930134,-0.557297,-0.926247,0.282914,0.595414,-0.715535,0.491255,-1.373165,-0.846622,-0.03525,0.191087,0.501481,-1.732228,0.711711,0.165634,-1.32588,0.213197,0.340452,0.455937,1.572488,0.185359,-1.3036,-0.465405,0.520559,0.072352,-0.294616,0.287797
série,0.448114,0.911832,1.050174,0.234269,-0.718997,0.79314,0.980242,0.576218,0.055557,0.025463,0.422022,0.470098,-1.169387,-0.407465,-0.518451,0.404285,0.180305,-0.672465,0.381358,1.563354,-0.63555,0.379655,0.733185,-0.490097,-0.393858,-1.338391,-0.541627,-0.290823,0.698605,0.236076,-0.386861
somme,-0.121516,-0.031493,-0.570843,0.021079,-0.070718,-0.274302,-0.22088,0.089963,-0.264156,0.18141,0.341035,0.291712,-0.462755,-0.981689,0.5238,0.117236,1.049015,0.262127,0.283998,-1.02806,0.160819,-0.259764,0.091206,1.688693,0.87367,-1.384419,0.260711,0.628736,0.536893,0.255521,-0.288575
mesure,0.413978,0.109882,0.234714,0.717836,0.059142,-0.639087,-1.273401,0.080026,-0.009238,-0.351208,0.194512,-0.029073,0.3425,-0.28567,-0.140512,-0.647611,-0.660906,0.051822,-0.389568,-0.746168,-0.505552,0.163925,0.228479,0.395604,0.256723,-2.429529,0.050289,-0.014861,-0.72123,-0.809363,-0.131598
carré,-0.863482,0.786007,-0.743863,0.319893,-0.102592,-0.114496,-1.325779,0.113423,-0.864865,0.578627,-0.482768,-0.205174,0.58566,-0.85849,-0.184266,-0.527199,0.433591,-0.870261,1.032164,0.029302,-0.011828,0.771961,0.207144,0.030013,0.599581,-1.459158,0.568702,0.444927,1.060255,-0.16641,-0.080248
vecteur,-0.427562,0.068631,0.151127,-0.076425,-0.838499,-1.308948,-0.871633,-0.120442,0.790471,-0.434363,-0.091872,-1.880467,-0.791611,0.539579,-0.668819,-0.033077,-1.253354,0.475294,-0.420348,-0.549162,0.206962,1.176517,0.205899,0.178367,0.046128,-1.369837,-0.384466,-0.300236,-0.071258,-0.211604,1.31453
connexe,0.286257,0.949556,-0.173749,0.704723,-0.476493,-0.779733,-0.179962,-0.391725,-0.482421,-1.251752,-0.584491,0.625169,-0.521864,0.709915,0.094699,-0.086517,1.462408,0.243363,-0.979645,0.200589,0.114022,1.068138,0.124124,-0.514686,-0.687395,-0.909004,1.032698,0.034446,0.593767,-0.45576,0.26649
classe,0.046502,0.349787,-0.083571,0.911348,-0.349801,-0.003263,-0.403761,-0.71711,0.407228,-0.302264,0.354463,-0.121463,-0.528701,-0.428248,-0.686529,-0.857182,0.166834,-0.369505,-0.466616,0.132708,-0.035517,0.101147,-0.629048,0.64348,-0.438769,-1.067898,-0.099308,-1.20292,-0.318517,0.445418,-0.790864
produit,0.247364,0.848649,-1.091636,1.054907,-0.132309,-0.629829,0.518147,0.027385,0.622687,-0.244759,0.069532,0.017918,-1.092705,-0.676305,0.782089,-0.58228,-0.025207,1.146671,0.60185,0.661459,0.259681,0.038169,-0.059496,-0.154147,0.049096,-2.3646,-1.345374,0.738484,-0.834363,-0.326112,1.117087
égal,-0.546151,-0.029288,0.038202,0.927484,-0.070985,-0.227605,-1.527987,0.077697,0.456022,-0.196017,-0.451399,-0.185135,-0.087368,-0.827435,-0.439166,0.075034,-0.664446,-0.460905,0.338064,-0.857536,0.428198,0.866015,0.586761,1.694422,0.497038,-1.742163,-0.622441,-0.025044,0.221984,0.193436,-0.273098
cercle,0.07631,-0.066483,-0.059949,0.490385,-0.087029,0.665092,-1.068268,-0.336139,-0.298849,0.424703,-0.185516,-0.106584,0.641491,0.194477,-0.496455,-0.557546,0.490889,-0.076422,0.589196,-0.265917,0.494987,0.341399,-0.457715,-0.193573,-0.027884,-0.783541,0.66964,-1.077146,1.385668,0.716239,0.119742
partie,0.237547,0.10577,0.191787,0.015145,0.397504,-0.368628,-0.650493,-0.59239,-0.632204,-0.572588,0.145966,0.178997,0.481521,-0.535136,0.413667,-0.739672,0.646885,-0.219401,0.178803,0.623081,0.45598,-0.147583,0.236561,-0.02768,0.232946,-1.916622,0.407728,-0.138719,0.333878,0.800963,-0.134251
relation,1.109158,-1.378346,0.820095,-0.02293,-0.148783,0.088096,-0.666391,-0.192236,0.236455,-0.341142,-0.894432,-0.158447,-0.47188,0.612316,-0.44224,-0.231708,0.613329,0.711987,-0.58741,-0.158287,0.036502,-0.385068,-0.057242,0.258364,0.150629,-1.686821,-0.700877,-0.279485,0.001925,-0.031807,0.165575
courbe,-0.852144,-0.092672,0.313459,0.114878,-0.023449,-0.475266,-1.537767,0.566706,-0.404223,-0.360353,-0.640314,-1.264276,0.289244,-0.729595,-0.061906,-0.931476,-0.487029,-0.169322,1.690846,-0.921683,-1.083745,0.651764,0.447835,0.806254,0.570949,-0.917987,-0.016068,0.068138,0.858944,-0.721369,0.584814
différent,0.363633,0.330746,0.243045,0.607878,-0.146299,-0.330969,-0.512252,-0.360994,0.457634,-0.55915,0.279867,-0.518211,-0.015776,-0.606577,-0.153538,-0.808077,0.185777,-0.021223,0.331609,0.231512,0.557706,-0.024817,-0.566867,-0.163209,-0.594945,-2.852452,-0.233313,0.21151,0.288896,0.300165,0.539925
complexe,0.277363,0.640954,0.014288,0.123243,-0.442333,-0.652796,-1.533313,-0.639236,0.081496,-0.661309,-0.206716,-0.580993,0.293145,0.103238,0.15084,-0.838341,-0.397564,0.638294,0.524523,0.61889,-0.044583,0.014387,-0.705916,-0.393696,-0.015758,-1.779949,-0.57721,0.119064,0.554848,-0.257905,0.656846
matrice,-0.544911,1.019784,-0.334689,0.739208,-0.417711,-0.531498,-1.424829,-0.106734,0.383968,0.311834,-0.368915,-1.028363,0.072646,0.316872,0.120897,-0.068645,-1.325875,-0.382905,0.492704,-0.292443,0.060639,1.129247,-0.181681,1.055885,0.320019,-0.623759,-0.778552,0.667659,0.12367,-0.380538,1.973545
domaine,0.677401,-0.384129,-0.658686,0.085964,0.20965,-0.707333,-0.736996,-0.564005,-0.163818,-1.056752,-0.07737,-0.782437,-0.728075,0.084324,-0.168979,-1.030495,1.257308,0.798154,-0.092227,0.414376,0.525703,-0.353343,-0.88192,0.466198,-0.036068,-1.668527,-0.195229,0.70634,0.42714,0.315057,0.154319
fois,0.468857,-0.288004,0.584023,0.393184,-0.026773,0.568103,0.125562,-0.302877,-0.109081,0.324226,0.272918,0.286495,-0.398135,-0.926611,0.04259,-0.600973,-0.68962,-0.436116,0.140906,0.90153,0.479431,-0.489281,0.413216,0.547786,-0.053509,-1.882173,0.366232,-0.229901,0.063925,0.463983,-0.296184
type,-0.651175,1.740678,0.178914,0.788924,-0.793505,-0.923973,-0.681087,-0.26435,0.403802,-0.640731,0.138892,-0.789018,-0.470625,-0.46669,0.214368,-0.958571,0.183852,0.082457,0.343896,0.211401,-0.056239,0.814049,-0.305789,-0.07474,-0.288805,-2.281706,-0.044257,-0.130184,-0.452327,-0.044434,0.482583
mot,-1.11238,0.280316,1.599555,0.343487,-0.521205,0.395566,-0.150843,-0.44884,0.106792,0.289441,-0.271876,-0.310876,0.501813,-0.753255,0.178384,-0.410095,0.969817,-0.08183,-0.410059,-0.790519,0.817692,0.120341,0.216126,-0.406847,-0.558617,-1.774431,-1.225704,0.136786,0.441071,0.284737,1.316562
algébrique,-0.496661,0.476354,0.466473,-0.048867,-1.152624,-0.298105,-2.098609,-0.62932,1.047115,-0.284107,-0.209067,-1.352055,0.107034,-0.687009,0.425802,0.545984,-0.865409,-0.336414,-0.06822,-0.771557,-0.396194,1.108892,-1.108778,1.035018,-0.064123,0.290454,-0.642343,0.037875,1.157542,-0.274811,2.022269
degré,-0.616439,0.50656,-0.521889,1.215294,-0.235723,1.125592,0.124432,-0.009684,-1.219457,-1.717361,-1.133623,0.073511,-0.100464,-0.214416,-0.713339,-0.685022,-0.304727,-0.679062,-0.912337,-0.663789,0.249991,1.173868,0.50047,0.898677,-0.185726,-0.362693,0.307304,0.917683,-0.379645,-0.962531,-0.762939
langage,0.056501,0.483711,1.390011,0.74983,-0.975129,-0.163132,0.00659,-0.227651,0.405058,-0.351247,-0.519816,-1.711305,0.248075,0.350969,-0.639047,-0.80383,0.799306,0.116063,0.165427,-0.677692,-0.321687,-0.583465,-0.837825,0.159937,-1.47854,-1.097864,-1.477364,0.188092,0.330778,0.147213,1.780967
nul,0.255029,-0.401173,1.18662,0.4025,-0.264759,-0.23628,-0.487905,-0.236433,0.300554,0.216748,-0.506739,0.761809,-0.396739,-1.177576,0.313507,0.388311,-1.694204,-0.396363,-0.273238,-0.824335,0.440006,0.205654,1.437858,1.50001,-0.044645,-1.368056,0.471799,-0.929486,0.901602,-0.147995,0.655345
moins,-0.155803,0.002754,0.140144,0.863701,-0.420409,-0.038254,-0.642902,0.269314,-0.032657,-0.352597,0.000708,-0.02363,-0.164032,-0.86439,0.526249,-0.617473,-0.595097,-0.215031,0.587605,-0.319341,0.79552,-0.431932,0.383244,0.377536,-0.031899,-2.915707,0.034667,-0.046483,-0.364442,0.358417,-0.667941
objet,0.646297,0.786072,0.424482,-0.052435,-0.702973,-0.143325,-1.518818,-0.075,-0.519672,0.292756,0.857555,-0.100501,-0.708215,0.128776,-0.230051,-0.562924,0.357171,0.124335,0.074427,0.055858,0.517054,0.56625,-0.682257,-0.091084,-0.274817,-2.450198,0.026759,1.116652,0.566122,-0.770274,0.395606
triangle,-0.651149,0.471776,0.332943,-0.002318,0.207286,-0.202583,-1.122156,-0.094725,0.394357,0.10537,-0.040305,-0.137185,0.595587,0.408593,-0.371683,0.248371,0.053773,-0.673306,0.980715,0.367163,-0.315203,1.420278,0.330719,-0.620821,0.503249,-0.562075,0.098064,-0.568966,0.829923,-0.031907,0.561978
structure,0.702815,0.971133,-0.557422,0.108819,-0.064042,-0.316227,-1.809978,-0.409549,0.526314,-0.612159,-0.053588,-0.571457,0.914274,0.083785,0.173461,-0.97789,-0.13343,0.50078,0.323013,0.691699,-0.479858,0.511173,-0.82519,0.273353,-0.202738,-2.164742,-0.097928,0.030397,0.247103,0.149306,0.787643
corps,-0.699669,0.595128,0.161412,-0.539672,0.042807,0.731416,-1.203897,-0.613156,0.410922,0.704834,0.266403,-1.081963,0.415285,0.241626,-0.430567,-1.057644,0.107556,0.208416,-0.47729,0.628002,0.085219,0.634661,-0.172274,0.542453,0.629281,-2.17449,0.606923,-0.529571,-0.08787,-0.380601,-0.511674
rapport,0.621241,-0.061789,-0.05193,0.593952,-0.488359,-0.419036,-0.832203,0.232657,0.054635,-0.5102,-0.50342,-0.066051,-0.080119,0.098839,-0.529916,0.141231,-0.185255,0.180208,-0.018148,-0.916105,-0.285249,0.233352,0.117654,0.727784,0.281453,-2.695109,0.03909,0.486773,-0.288802,-0.359283,0.064267
longueur,-1.573333,0.841043,0.340277,1.246457,0.22028,-0.935465,-1.216213,0.544256,-0.900424,-1.086727,0.046659,-0.170543,-0.015405,-0.735773,-0.171379,-1.295225,-0.657868,-0.844381,1.038105,-0.767784,-0.49894,0.809795,0.423222,0.457206,0.944998,-1.925974,0.639905,-0.520373,0.486569,-0.668742,-0.239045
informatique,0.458128,0.377651,0.340245,1.542275,-0.088969,-0.985917,0.889379,-0.640038,0.888786,-0.916232,-0.283932,-1.076238,-0.863362,0.976808,-1.070888,-0.398449,0.59135,0.53614,0.392671,0.006377,-0.278829,-0.770945,-1.727541,0.282015,-0.026603,-1.407789,-0.399179,0.372381,0.69942,-0.657294,1.691037
infini,-0.334645,0.049314,1.015214,-0.54748,-1.063391,-0.294119,-1.292086,0.179931,0.138629,0.789742,-0.048212,-0.334462,-0.176642,-0.527185,-0.956422,-0.109975,-0.758195,1.201619,0.14567,-0.578604,-0.254545,0.937713,0.806664,0.577689,-0.032704,-0.564864,-0.973232,0.154491,1.273998,-0.24316,0.645824
variété,-0.476931,-0.040471,-0.938952,0.85696,0.251143,-0.046384,-0.674841,1.215435,0.119709,-0.178354,0.090482,-0.678512,-0.507751,-1.115664,0.917642,-0.907817,0.241073,0.000675,-0.348192,-0.056245,0.448932,0.411925,0.102739,-1.413362,-1.302286,-1.098037,-1.290237,-0.259241,-0.371017,-0.312886,0.497162
ligne,-0.016504,1.098019,0.486716,1.135701,0.024199,-0.827785,0.315638,-0.294551,-1.632331,-0.381466,-0.199879,0.071658,0.209254,-0.567605,-0.680597,-1.053495,0.900908,-0.106747,0.415424,-0.58807,-1.12738,-0.303568,0.182179,0.666104,0.509309,-1.194591,0.924917,-0.577678,0.644407,0.93021,0.250525
positif,0.806738,0.129601,0.355341,0.718778,-0.28579,0.45326,-0.150498,0.672309,0.54498,-0.360575,-0.595395,-0.653408,0.056586,0.130215,0.001293,0.511884,-1.204319,0.450157,0.398815,-0.836463,0.257504,0.096277,0.649036,1.034618,-0.450697,-2.002119,-0.371252,0.305124,-0.070599,0.104985,0.190327
angle,-0.365199,0.617396,0.312388,-0.094528,0.292327,-0.166809,-1.788637,0.187394,-0.622581,0.171931,-0.429779,-1.08024,0.972631,0.175385,-0.465289,-0.606456,-0.002704,-0.912818,1.668888,0.178432,-0.542493,0.853153,0.28423,0.564286,0.750439,-1.343443,0.547312,0.293777,0.976406,-0.150981,0.086837
polynôme,-1.140693,0.160192,-0.231798,-0.503484,-1.547919,-0.435718,-1.881979,-0.687927,0.62645,-0.191753,-0.497288,-1.482326,-0.476347,-0.589248,0.476503,1.552281,-0.65673,-0.778255,-0.69736,-0.384407,0.5544,1.724529,0.597776,1.965208,0.535361,0.508647,-1.759198,0.171015,0.550217,0.173719,1.342458
centre,0.781847,0.330129,-0.795862,0.722991,0.550117,-0.872813,-0.389419,-0.7599,-0.439201,-0.772183,-0.264246,0.150651,0.632635,0.64912,-0.339286,-0.391062,0.770927,0.567369,0.164993,0.768273,-0.056147,-0.549141,-0.373077,-0.533844,0.561277,-1.609309,0.933285,-0.681231,1.443912,0.127318,-0.329029
démonstration,0.535268,-0.233698,0.277625,0.112572,-0.716738,-0.015216,-0.14202,-0.70864,0.801191,0.275998,0.856557,-0.627929,-0.263595,-0.594721,-0.691402,-0.54952,-0.709444,0.356835,0.615515,-0.288058,-0.390945,-0.468654,-0.633125,0.384555,-0.604984,-0.569108,0.273166,0.026502,0.584718,-0.275232,0.296566
vectoriel,-0.648209,1.107126,0.477297,-0.198702,-1.100234,-1.010935,-1.385603,-0.023342,0.891706,0.42913,-0.547208,-1.621747,-0.639544,0.156121,-0.777762,0.365894,-0.549442,-0.311732,0.619591,-0.553014,0.027393,1.299784,-0.809117,0.669778,-0.065725,-0.619365,-0.621,0.757059,0.434881,-0.513128,1.98959
limite,-0.014238,-0.090636,0.33993,-0.510129,0.170392,-1.040961,-1.178581,-0.129236,-0.620987,-1.206399,-0.197139,-0.265798,0.172432,-0.590829,0.36614,-0.149283,0.347551,0.274127,0.427474,-0.786197,-0.377148,0.114741,0.467876,0.841841,0.464372,-2.107622,-0.044582,-0.319299,0.588295,0.377394,0.31082
représentation,0.798809,0.209196,0.586414,0.417649,-0.28948,0.344156,-1.437135,-0.184174,-0.085407,0.178803,-0.364267,-0.048731,0.424414,-0.411487,-0.779708,0.165057,0.569984,-0.430821,0.085625,-0.557259,0.776152,0.391836,-0.380774,-0.244527,-0.524254,-1.537662,-0.16774,0.426831,0.656416,0.026164,0.212641
famille,0.054325,-0.713954,-0.45548,0.002753,0.075492,0.553776,-0.513209,0.105209,-1.211919,-0.016427,-0.362781,-0.337986,-1.031432,0.017754,0.590547,-0.670475,1.32838,-0.461439,-1.098468,0.650312,1.533188,-0.061743,-0.1692,-0.333224,0.21252,-1.037075,-0.325042,0.055496,-0.879321,0.193042,-0.629522
arête,-1.258597,0.345062,0.258165,-0.420947,0.41555,-0.594222,-1.734057,0.493153,-0.949364,0.271235,0.025188,-0.575432,1.541184,-0.066602,0.875247,-1.095252,-0.829022,-1.239314,1.559235,-0.102328,-0.858888,0.180682,0.097099,-0.248028,0.299408,-0.137664,0.627542,-0.475006,0.438195,-0.43757,0.391788
distance,-0.494765,0.203591,1.186912,0.494628,0.005083,-0.899334,-0.639122,0.135431,-0.277209,-0.690591,0.593217,-0.146228,-0.611399,0.050018,-0.826635,-0.823247,-0.973178,0.132594,0.937992,-0.473525,-0.192735,0.143282,0.294942,0.940963,0.347612,-1.906301,0.444436,-0.553362,0.541555,-0.033484,-0.365328
surface,-0.764534,0.866756,-0.37719,0.648103,0.17757,-1.321126,-1.387872,0.426024,-0.215001,-0.444323,0.593289,-0.330147,0.178103,-0.143404,0.191359,-1.403529,-0.932434,0.822369,1.039395,0.24992,-0.447607,0.539719,0.583812,0.222198,0.624127,-2.307725,0.439912,0.165478,0.06414,-0.442262,-0.312001
aléatoire,-0.010184,0.234425,0.723277,-0.406865,-0.692538,-0.649023,-0.500284,0.192534,0.772637,-0.057528,1.078066,-1.35507,-0.596387,-0.471698,-0.178775,0.101368,-1.252045,0.386403,0.821789,-1.091178,-0.160193,0.254967,-0.227348,0.477509,-0.535918,-1.351738,-0.54475,0.492666,0.23372,-0.095715,1.021053
naturel,0.018527,0.172901,-1.013443,-0.284538,0.189707,-1.189963,-1.435732,0.185266,-0.745187,-0.990081,-0.047042,-0.560657,0.08535,-0.195444,0.803827,-1.140818,0.440601,1.462376,-0.673682,-0.312611,0.302044,-0.22241,0.692184,-0.113469,-0.7583,-2.187101,-0.255387,-0.070459,0.337926,-0.522391,-0.195988
normal,0.096262,0.819727,0.62113,0.69921,0.032752,0.163232,-0.75264,-0.103726,0.285814,-0.768011,-0.537567,-1.571279,-0.405458,-0.623027,-0.225618,-0.70245,-0.288543,1.002861,-0.090884,-0.345757,-0.217641,0.087658,-0.634849,0.234566,0.965749,-1.087857,-0.090909,-1.027839,0.423474,-0.361673,-0.504735
arbre,-0.895858,0.349612,-0.281115,0.132587,-0.24895,-0.786501,-1.30527,0.334127,-0.54883,0.774734,0.03877,-0.672553,0.080765,-0.636285,0.49441,-1.235636,-0.069827,0.304489,-0.109863,0.165319,0.513925,0.127,0.972856,-1.069566,-0.136278,-1.701841,-0.162311,-0.217427,0.290308,-0.704158,-0.04902
démontrer,0.481859,-0.707615,0.240546,-0.109618,-1.00345,0.122172,-0.883812,-0.041516,0.331641,-0.082535,0.358247,-0.896627,-0.405999,0.473297,0.544835,-0.541645,-0.810276,0.690079,-0.103118,-0.306776,0.008423,-0.606911,-0.227723,0.739778,-0.398274,-1.665698,-0.285034,0.410934,-0.130304,-0.417833,0.383105
algèbre,-0.61811,0.434911,-0.240418,0.150809,-0.608382,-0.531966,-2.352151,-0.183803,1.525544,0.226126,-1.240059,-1.396438,-0.138067,-0.118625,0.363651,0.546528,-0.692863,-0.841302,0.149219,0.128424,-0.101793,1.504102,-1.499633,0.453203,0.698159,0.516689,-0.610711,-0.131473,0.803631,-0.549917,2.247749
règle,0.780767,0.135572,0.726418,-0.028438,-0.390057,-0.254457,-0.696154,-0.902012,0.864666,0.259525,-0.291182,-0.535552,-0.057261,-1.23884,0.084561,0.359427,0.234194,-0.500022,-0.249466,-0.869668,0.19217,-0.322249,-0.331674,1.101745,-0.345123,-2.053602,-0.695656,0.14018,0.100415,-0.375938,1.05769
volume,0.392,1.374289,0.466615,1.68216,-0.377215,0.287132,-0.370979,1.049465,0.072183,0.183614,0.206755,-0.025091,0.402176,-0.581694,-0.272685,-0.851983,0.585488,0.769908,-1.089024,0.229317,-1.209277,0.723137,0.994536,0.528341,-1.009195,-0.07813,0.124767,1.030605,-0.294002,0.14168,-0.180657
calculer,-0.177148,-0.273018,0.419459,1.030708,-0.023292,-0.896536,-1.207763,0.753943,0.523694,-0.823672,0.998984,-0.517517,-1.209884,-0.452739,-0.281148,-0.101851,-1.362185,0.145465,0.752332,-1.184201,-0.15853,0.636404,0.177447,1.995696,0.570138,-1.569128,-0.247534,0.855577,0.771165,-0.835255,0.48295
constant,-0.021833,-0.413126,-0.368768,-0.077913,-0.369005,0.673022,-0.896222,0.138019,-0.33588,-0.638141,-0.812074,-0.807723,-0.453164,-0.664127,-0.416846,-0.778021,-0.402788,0.906929,-0.027599,-0.836698,-0.572684,0.754065,0.153605,1.119899,0.523382,-1.053147,-0.340938,0.45351,0.026215,-0.03248,0.272164
quatre,-0.035729,0.528842,-0.13558,0.645584,0.345949,0.252507,-0.320167,-0.486488,-0.421268,0.175719,0.198514,0.401702,0.094853,-1.224883,-0.283025,-0.54311,-0.197663,-1.114493,0.255578,0.728526,0.427747,0.015099,0.172909,0.359817,0.326573,-1.950097,0.593833,-0.122215,0.64092,0.234097,-0.610626
différentiel,-0.042628,0.650242,0.094049,0.034208,-0.73655,-0.514454,-0.559474,-0.25123,0.248081,-0.931047,-0.907237,-1.794218,-0.395821,-0.174797,-0.053388,-0.193957,-1.836029,-0.035614,0.813326,-0.982665,-0.748921,0.414763,-0.297301,1.045382,-0.053442,-0.941632,-0.088359,-0.192729,-0.239427,-1.109099,1.132798
hypothèse,0.411101,-0.830806,0.98058,-0.461643,-1.38898,-0.038246,-1.34953,0.220573,-0.765466,-0.475272,0.290726,-0.94319,-0.336295,0.46403,1.075593,-0.271846,-0.574999,0.055077,-0.369061,-0.522496,0.136115,-0.262336,-0.184667,0.290756,-0.287532,-1.846938,-0.209643,1.157521,0.264027,-0.204433,1.332285
image,0.549695,0.454735,0.898525,0.179012,-0.278115,0.335179,-0.271919,0.67336,-0.194886,0.330499,-0.028884,0.025888,-0.012463,0.504093,-1.015796,-0.497776,0.556161,0.255548,0.941116,0.197641,-0.03685,0.296272,-0.082791,-0.294387,-0.746204,-1.68555,-0.217109,0.967332,0.594262,-0.111803,0.463367
régulier,0.295007,0.289026,0.102287,0.562333,0.235343,-0.359203,0.300957,-0.597864,0.404766,-0.521697,0.254718,-0.534536,0.341335,-1.168981,0.077355,0.210551,-0.646753,-0.587739,0.636169,0.207481,0.265101,-0.525709,0.544931,0.665935,-0.007139,-1.477761,0.753235,-0.056192,0.790275,-0.013505,-0.61243
complet,0.988095,0.406882,0.451907,0.557004,-0.234201,0.041154,-0.160865,-0.154642,-0.069285,-0.036221,0.219066,-0.036462,-0.042007,-1.087213,-0.042691,-0.652731,-0.400233,-0.082414,-0.437406,0.06411,-0.596326,-0.263011,-0.137159,0.089115,-0.638741,-1.099763,0.227603,0.462054,0.147775,-0.363206,0.659047
racine,-0.925091,0.086022,0.010443,0.459806,-0.222794,0.269457,-0.546308,-0.183273,-0.479928,0.15149,-0.756582,-1.5439,0.252623,-0.605433,0.453152,-1.001484,0.177525,0.462289,-0.564001,-0.332025,0.867745,0.603285,1.056151,-0.639393,-0.439257,-0.834728,-0.640431,-0.138861,0.304415,0.067017,0.869632
coefficient,-0.672876,-0.144023,0.092918,0.797926,0.05705,-0.540392,-1.309841,0.059421,1.320886,-0.961181,-0.679193,-0.546986,-0.771949,-1.165937,0.123442,0.067383,-1.477112,0.663321,0.468117,-1.124474,-0.013667,1.386323,0.319271,1.975141,0.245682,-0.694043,-0.336749,-0.23081,1.157846,-0.531273,1.166443
côté,-0.389342,-0.358038,-0.022843,-0.503094,0.360063,0.636387,-0.347089,-0.207352,-0.770171,0.283126,-0.310568,0.119738,0.470476,-0.064613,-0.310173,-0.665794,0.33343,-0.939875,1.015378,1.041848,0.027453,-0.185181,0.346531,-0.270093,0.672884,-1.822964,0.005096,-0.187921,0.557671,0.207781,-0.128367
preuve,0.417215,-0.669554,0.972504,-0.911555,-0.826409,0.447094,-0.405724,0.048907,0.526826,0.357839,0.337021,-0.254565,-0.158113,0.410288,0.576256,-0.015344,0.146964,0.360114,-0.188849,-0.636722,0.235617,-0.965797,-0.231858,1.019896,-0.386282,-2.054836,0.014555,1.080624,-0.027683,-0.868045,0.238359
axiome,0.123014,-0.219615,0.123552,-0.375776,-0.465156,-0.579094,-0.989841,-0.777859,0.720533,0.541237,0.404478,-1.093864,0.13164,0.016435,-0.30978,0.616602,-1.074522,0.047569,-0.269856,-1.430442,0.336364,0.336369,-0.204652,1.154928,-0.309093,0.860725,-0.876209,0.146645,0.348919,-0.279909,1.450348
$\mathbb{R}$,-0.574647,1.517944,0.704622,0.880456,-0.276297,-0.289468,0.238792,0.291805,0.332048,-0.963797,-0.420013,0.388323,-0.375477,-0.336717,0.011196,0.040196,-0.285827,-0.492906,-0.429913,0.989048,-0.917902,0.925359,0.603357,0.842359,0.200259,-0.12909,-0.719925,-0.209607,-0.466467,0.442899,0.438339
continue,0.709427,-0.599626,0.03648,0.126854,0.24616,0.185356,-0.158822,-0.47234,0.002087,-0.308118,-0.174113,-0.293734,0.270747,-0.543966,-0.470501,-0.659524,-0.527518,0.360515,0.141726,0.55946,-0.263429,-0.450544,0.137949,0.172882,0.464611,-1.183842,-0.263357,0.035163,-0.258834,0.376119,-0.32619
résoudre,0.405984,-0.732962,0.770305,-0.767831,-0.798073,-0.078502,-0.483118,-0.466035,-0.013119,0.638551,0.343293,-0.630794,-0.531835,0.055979,-0.255263,-0.22132,-0.545755,-0.070014,-0.026882,-0.375643,-0.229802,-0.529349,-0.208244,0.777696,0.395052,-1.622168,-0.530019,0.007415,-0.587605,0.041625,0.627175
arithmétique,-0.646011,-0.221324,0.352537,1.069724,-0.761242,-0.407699,-0.903879,-0.964806,1.027834,-0.577405,-0.072128,-1.892747,0.238556,-0.651005,-0.58961,0.036904,-0.32817,0.093346,0.272427,-1.551699,-0.129145,0.432669,-0.578588,0.981865,-0.130934,0.543409,-0.399311,0.626442,0.993789,-0.357824,1.156344
conjecture,0.125802,-0.800898,0.881169,-0.455521,-0.976492,0.093543,-1.196428,0.196487,0.294224,0.3346,0.592157,-0.956442,0.207737,0.452384,0.802961,0.309655,-0.584635,0.244981,0.059383,-1.33036,-0.440348,-0.184347,-0.129735,0.643674,-0.432861,0.948297,-0.648908,0.716593,0.243288,-0.42704,0.917407
réseau,0.469583,0.781727,-0.33931,0.723437,0.518945,-1.820151,0.663198,-0.396483,-0.501295,-0.972657,0.062662,-0.117916,-0.297702,0.743973,-1.008375,-0.184377,0.739702,0.849465,0.722072,-0.297941,-0.555448,-0.338261,-0.360669,0.046189,0.832548,-2.359711,-0.037514,-0.307259,0.295746,0.832985,0.68747
opération,0.13086,-0.229427,0.326394,-0.867836,-0.16203,-0.598151,0.688314,-0.993142,0.814212,-0.196718,0.902276,0.656952,-0.11666,-0.110795,-0.401119,-0.502529,-0.338606,0.728395,-0.198024,0.396727,-1.026488,-0.078143,-0.237419,0.042426,0.780814,-2.001253,0.992087,0.002257,-0.710418,-0.370732,0.05191
chiffre,-0.288839,0.377415,-0.12314,1.451832,-0.490086,-0.730627,-0.164565,0.676733,0.068812,-0.46653,0.14557,0.647359,-0.564758,-0.69853,0.251915,0.557905,0.2513,-0.286458,0.574301,-1.289313,0.25451,0.101301,-0.314153,0.38969,0.392605,-2.025528,0.305261,1.055684,-0.075022,0.264865,-0.00585
expression,0.121723,-0.046474,1.192623,0.424933,-0.512858,0.843478,-0.562179,-0.370067,0.772864,-0.242194,-0.945366,-0.796665,0.558572,-0.085498,0.047993,-0.464553,0.720876,0.751036,0.018378,-0.758054,0.614287,0.318847,-0.073048,-0.23234,-0.834946,-1.717053,-0.905882,0.055282,0.232684,0.069918,1.046235
propre,0.56518,-0.362909,0.462126,-0.099815,-0.250857,0.149817,-0.386233,-0.544807,0.393162,0.113801,-0.140767,-0.21049,-0.185139,-0.417509,-0.378375,-0.60073,0.633954,0.175802,0.243167,0.448595,0.388262,-0.480373,-0.425303,0.152496,0.069356,-2.296148,-1.001038,0.060121,-0.046512,0.441483,0.434085
principal,0.341507,-0.00707,-0.206883,0.171845,0.101988,-0.31024,-0.425019,-0.337122,-0.407243,-1.151105,-0.058608,0.311796,-0.192606,0.167328,-0.26367,-0.403553,0.269148,-0.702451,0.131278,1.116111,0.099906,-0.061515,-0.118372,-0.148696,0.216131,-2.002606,-0.295433,0.223133,0.411711,-0.339575,-0.19446
paramètre,-0.362882,0.339873,0.87986,-0.047829,0.740467,-1.067939,-1.144533,0.638867,0.565548,-1.939183,0.581603,-1.124799,-1.006668,-0.47816,-0.595565,-0.979606,-1.125667,0.907594,0.098855,-1.211205,-0.375251,0.865314,-0.339396,1.64446,-0.310075,-1.475856,-0.708451,0.714603,0.224272,-0.456002,1.02722
coordonnée,-0.858813,0.025548,0.974469,0.237696,0.102288,-1.616497,-0.9661,-0.547267,-0.177852,-1.347548,0.866699,-0.955993,0.130167,0.551264,-1.14472,0.556656,-0.676498,-1.148462,0.009932,-1.696187,-0.393473,1.474577,0.61682,0.716411,0.45697,-0.870014,0.282612,0.513388,1.020698,-0.588724,0.950621
opérateur,-0.042053,-0.014274,-0.468154,0.358824,0.194666,-0.733597,1.2007,-0.392972,0.030796,-0.654553,0.34693,0.033833,-1.436562,0.349665,-1.361111,-0.197642,0.212663,-0.232216,0.600047,-0.238148,-1.100272,0.319412,-0.852216,0.262011,0.878676,-1.225908,-0.789128,-0.035651,-0.288738,-0.372355,1.518018
numérique,0.615703,0.683778,0.031541,1.101148,0.032095,-0.858216,0.737235,0.253693,0.544318,-0.370056,0.06027,-0.19993,-0.520364,0.303045,-1.626045,-0.490369,0.352749,0.566568,0.889153,-0.395335,-0.43823,0.041016,-0.450246,0.458711,-0.881558,-1.758469,0.069373,1.032488,0.446593,0.229326,1.460247
unité,-0.594056,0.577994,-0.309996,0.117003,-0.510717,-0.465809,-0.223514,-1.07303,0.827233,-1.124406,0.567113,-0.167567,0.378864,-0.058671,-0.660339,-0.408427,0.361105,0.154268,-0.533694,0.132569,-0.256449,0.594301,-0.655547,0.729983,0.427739,-2.084972,0.717905,-0.588408,-0.256327,0.97429,-0.295606
liste,0.423813,0.622964,-0.128727,0.38176,0.698636,-0.625671,-0.036296,0.400024,-0.61542,-1.335733,0.400152,0.786143,-0.399642,-0.217904,0.451182,0.236297,1.43933,-0.907103,-1.078998,0.158874,0.367787,0.821573,0.017894,-0.244337,-0.638285,-1.606657,0.887498,-0.14146,0.34864,0.470784,0.229691
convexe,-1.306017,0.111504,0.142711,0.694353,0.82649,-0.418972,-2.080562,1.219537,-0.041169,0.910809,-0.760145,-1.16837,1.218777,0.543462,0.21267,-0.696382,-1.02476,-0.708204,1.835682,-1.078723,-0.372256,0.695847,0.139885,-0.214229,0.443405,-0.142005,0.294692,-0.753738,0.141875,-0.618018,0.641536
rationnel,0.503107,-0.060556,0.166006,-0.256445,-1.846895,-0.21938,-1.488808,-0.643165,0.769302,0.401941,-0.364551,-1.546245,0.3999,0.331951,-0.266906,-0.026306,-0.064209,0.472398,-0.196005,-1.085214,-0.419247,-0.384134,-0.500222,1.152991,-0.935007,-1.074108,-1.543143,-0.20034,0.145515,-0.106849,1.028665
nœud,-1.726634,0.992682,0.42039,0.684751,-0.105882,-1.43183,-0.262564,-0.301724,-0.227575,0.078745,0.054195,-0.735092,0.012745,-0.283481,-1.199309,-0.891487,-0.795597,-0.203511,0.66891,-1.020989,-0.185212,0.385973,0.35366,0.596638,0.46638,-0.916694,0.296127,-0.359529,-0.034989,-0.54654,-0.090079
$\mathbb{Q}$,-0.830469,0.753009,1.058784,0.40361,0.236739,-0.292994,0.078254,0.097833,0.762646,-0.41812,-0.163396,-0.230058,-0.237903,-0.100371,-0.224651,0.546771,-0.466931,-0.513336,-0.164927,0.336525,0.114424,0.890327,0.373723,0.482943,-0.012966,-0.093657,-0.575718,0.044693,0.466145,-0.07785,0.767057
topologie,-0.709739,0.026805,0.828232,-0.020178,-0.364412,-1.661655,-1.061183,0.165656,0.406563,0.054082,0.211388,-1.892597,-0.589309,0.244425,0.110088,0.207377,-0.662792,0.026623,1.008856,-0.846704,-0.244781,0.200536,-0.954754,0.131018,0.439954,0.349364,-0.638675,-0.626335,1.045366,-0.04124,1.776275
origine,-0.065202,-0.11621,-0.137738,0.388705,-0.640612,0.281529,-0.417307,-0.626299,-0.724777,-1.147783,-0.451266,0.188797,-0.296212,-0.007778,0.331845,-0.714401,0.838774,-0.380536,-0.030548,0.488125,0.654915,0.313587,-0.176528,-0.705514,-0.177252,-1.596056,-0.454055,0.747724,-0.133635,0.06547,0.317625
distribution,0.102932,-0.304919,-0.718899,0.165344,0.49983,0.145056,0.559049,1.399455,-0.70367,-0.851002,-0.396754,0.656684,-1.715053,0.453718,-0.777041,0.168999,0.017423,-1.085319,-0.418284,1.003555,-0.70539,0.646233,0.261111,-0.87219,0.245962,-1.103662,-2.158816,0.083937,-0.297176,-1.124807,0.199224
intervalle,-0.270246,0.165664,0.60235,0.265571,0.28671,-0.273044,-0.930154,-0.046951,0.176369,-0.635904,0.415321,-1.200328,0.396169,-1.48718,-0.755344,-0.126911,-1.242655,-0.319391,0.34515,-0.976487,0.002838,0.791249,0.219959,0.445806,0.427817,-1.026941,-0.117903,0.578813,-0.007205,0.047208,-0.059345
compact,-0.860277,1.451716,-0.705706,0.704075,-0.378287,-0.715447,-0.580435,0.838943,0.487625,0.553163,0.325558,-0.181563,-0.150238,0.109557,-0.466879,-0.868709,-0.62005,-0.188083,1.433641,0.471816,-0.28171,1.13985,0.067996,-0.069268,-0.721102,-0.709436,-0.295051,-0.021817,-0.444358,0.686921,0.818254
reste,0.2689,-0.404541,0.248081,-0.04441,-0.189291,0.07737,-0.748682,-0.344669,-0.602567,0.000285,0.234546,0.00805,0.0325,-0.670854,0.580121,-0.756434,-0.068907,-0.132892,0.375595,0.356715,0.570375,-0.685118,0.042388,0.319853,0.29205,-1.997629,0.000413,-0.103138,-0.219624,0.660563,-0.392517
test,0.754149,0.743128,0.961246,0.903492,-0.103708,-0.241836,0.248543,0.376285,1.282096,-0.271901,0.716979,-1.031817,-0.749406,0.041717,0.444469,-0.193701,-1.268831,0.222825,0.096618,0.15633,-0.740167,-0.361221,-0.526502,0.860497,-0.380955,-1.661181,0.300483,-0.279037,-0.270073,-0.875404,0.334941
proposition,1.310983,-0.754501,-0.051809,-0.112882,0.232728,0.048457,-0.27462,-0.206251,0.338837,0.233057,-0.004964,0.051829,0.40521,-0.347525,-0.652022,0.560723,0.282091,-0.462264,-0.634857,-0.834529,-0.67329,-0.311689,-0.396543,0.781058,0.243146,-1.736017,-0.341426,0.30706,-0.335617,0.324218,0.756101
catégorie,0.32651,0.778237,0.231165,0.825178,-0.225086,-0.12394,0.092837,0.369006,0.912849,-0.749253,-0.228707,0.923453,-0.746977,-0.583498,-0.048488,0.1427,-0.131848,-0.217313,0.449657,-0.037103,0.496406,-0.095861,-0.589859,0.350484,-1.47156,-1.559279,-0.146552,-1.092691,0.875309,-0.133441,-0.346319
programme,1.901869,0.065862,0.066125,0.751261,0.45024,-0.848715,0.159416,-0.121403,1.014958,-0.551952,0.692307,0.132524,-0.421595,0.089542,-1.478736,-0.004066,-0.414784,0.488384,0.148009,0.429187,-0.737207,-0.229779,-0.91763,-0.285469,-0.366257,-2.047157,0.073152,-0.186405,0.311891,0.26969,0.252161
intégral,1.401288,0.906194,0.411009,1.271489,0.20732,-0.367848,-0.563448,0.738184,-0.239896,1.003406,0.876858,-0.245041,0.356034,-0.066089,-0.44059,-0.647341,0.285736,-0.249245,-1.745406,-0.262969,-1.821659,0.772824,0.615386,-0.777984,-1.22967,0.107441,-0.103837,-0.763785,-0.49102,-0.525022,0.846127
complexité,0.193074,-0.453121,0.326784,-0.557354,-1.186317,-0.477704,-1.149363,0.208264,0.735541,-0.682501,-0.305425,-1.020248,0.091227,0.016514,-0.419252,-0.358378,-0.468773,0.736288,0.948446,-0.817499,-0.760188,-0.472116,-0.560923,0.612378,-1.168537,-1.517758,-0.847189,0.727829,0.343993,-0.437378,0.477316
automate,0.224562,1.436714,-0.225634,-0.344041,-0.522078,-0.897183,0.389607,-1.071067,-0.751853,0.765664,0.752831,-0.999745,-0.923619,-0.326836,-0.934908,0.046832,-0.050951,0.322294,1.341507,-0.765026,-0.038322,-0.453713,-1.273628,-0.363618,0.103151,0.526721,-0.882368,0.241181,0.670607,-0.408934,0.853479
moyenne,-0.665123,0.371604,-0.625682,1.728219,-0.182398,-0.87427,-0.546677,1.071209,-0.125529,-1.371623,-0.024695,-0.216022,-0.23054,-1.061449,0.448773,0.0486,-0.945116,0.137451,0.598424,-0.800278,0.263722,-0.184381,1.146251,0.808353,0.436831,-2.141037,0.542941,-0.495806,0.518392,0.390667,-1.924099
symbole,-0.462846,0.193444,0.596107,-0.03944,-0.636525,-0.121622,-1.370879,-0.965008,0.690691,0.880754,-0.70562,0.251995,0.252548,-0.303914,-0.160467,-0.074711,0.774717,-0.404448,0.179584,-0.496927,1.374726,1.145328,0.177384,-0.575638,-0.604198,-1.467709,0.065867,0.023543,0.508649,-0.198078,1.011089
axe,-0.445501,0.360644,0.224041,-0.219354,0.133001,-1.412061,-1.58301,-0.292385,-0.852516,-1.152298,-0.938989,-0.036545,0.722693,0.790025,-1.285312,-0.694077,-0.818856,-0.174131,1.063949,0.229253,-0.905178,0.698287,-0.054102,0.527351,1.01466,-1.489055,0.423519,-0.415494,0.837738,0.176018,0.023474
euclidien,-1.074127,0.720817,0.263752,-0.612052,-0.937573,-1.318774,-1.912382,-0.91537,0.445442,0.55092,0.185819,-0.788578,0.109451,-0.227658,-0.556328,0.366867,-0.741127,-0.705206,0.278668,-0.79893,-0.321292,0.91812,-1.027279,0.97443,-0.004416,0.388255,-1.116368,-0.843089,1.179677,-0.169361,1.512805
inférieur,-0.66244,0.799336,-0.150159,0.84873,0.410327,-0.517607,-1.768432,0.461492,-0.350856,-0.456189,-0.524156,-0.591458,0.041203,-0.610785,0.683464,-0.674762,-0.409464,-0.326891,0.348205,-0.580352,0.455362,0.667758,0.032058,0.682743,0.734184,-2.167845,0.774251,-0.405267,-0.158495,-0.246358,-0.798147
dérivée,-0.132702,-0.871294,0.596996,-0.144689,-0.514078,-0.919092,-1.457624,0.193557,0.838289,-0.470901,-0.701605,-0.87709,-1.027186,-0.923273,-0.575912,0.431279,-1.342851,-0.413585,0.083912,-0.997574,-0.407182,1.380424,-0.315019,0.86202,0.666644,0.519363,-0.70034,0.317482,0.016405,0.275871,1.572782
transformation,0.688347,0.458086,-0.80395,0.216303,-0.869258,-0.496225,-0.89725,-0.53663,0.57869,-0.078681,-0.388477,-0.547542,0.159866,-0.55192,0.454547,-0.404006,-0.001459,0.912486,0.125014,0.432344,-0.76025,0.323389,0.153819,0.626646,-0.134849,-1.170566,-0.333774,0.186435,0.021467,-0.007284,0.746385
anneau,-0.689141,0.700568,0.871995,-0.453169,-0.209928,-0.218731,-1.612922,-0.299893,0.318602,0.752822,0.420013,-0.377566,-0.700248,0.072405,-0.379807,-0.49037,-0.578808,-0.572248,0.583749,0.51375,0.64574,1.530376,0.110907,0.277309,0.206568,-0.897384,-0.099657,-0.334962,1.139269,-0.775812,0.884543
facteur,0.397755,0.285715,-0.694963,-0.275938,-0.706249,0.165495,-0.555637,-0.020315,0.07598,-1.546095,-0.621161,-1.382345,-0.54026,0.119087,0.384291,-0.451114,-1.122675,1.403731,-0.03734,-0.534624,0.326358,0.409417,0.066004,1.023792,-0.462107,-1.673031,-0.63942,0.518136,-0.489973,-0.130893,0.294681
indice,-0.147661,0.51902,0.567889,0.798454,-0.417055,-0.74395,-1.039394,0.709961,0.232319,-0.544206,0.029021,0.10752,-0.411672,0.160273,0.630196,0.203455,-0.616677,0.834992,0.3246,-1.070294,0.110952,-0.017156,-0.090679,0.973156,0.233677,-1.383269,-0.596822,0.724361,0.148457,-0.716694,0.313872
zéro,-0.079422,0.2522,0.650227,0.179603,-0.416283,-0.161196,0.21834,0.044473,0.158135,0.018673,-0.261512,0.443128,-0.393395,-0.694435,-0.028476,0.458013,-1.434927,0.32992,0.251378,-0.514091,0.080052,0.2598,0.817065,0.980745,0.137497,-1.003086,0.006464,-0.244345,1.002076,-0.042715,0.682942
sphère,-0.180515,-0.496809,-0.129563,0.013182,-0.478849,-0.436122,-1.834272,-0.668916,0.594477,0.214882,-0.09631,-0.278608,0.166432,0.870599,-1.195576,-0.32496,-0.552548,0.124123,0.59683,-0.189448,0.540564,1.144802,-0.054599,-0.153528,0.137573,-1.362761,-0.126616,0.18585,0.5485,-0.087216,0.581432
strictement,0.350714,0.217094,0.124365,0.075847,-0.442937,-0.734058,-1.491118,-1.034448,0.616203,0.075173,0.16097,-0.671743,0.594607,-0.575977,-0.299437,-0.022253,0.07154,-0.357203,0.11545,-1.264491,0.644279,0.104766,-0.526161,0.051172,-0.485824,-1.633184,-1.279627,-0.394876,-0.397404,-0.164686,0.472393
puissance,-0.565731,-0.324118,0.149382,0.312765,-1.669238,-0.703362,-0.93207,-0.850962,0.828706,0.020164,-0.892441,0.346901,-0.618574,-0.600102,-1.190982,-0.962285,-0.577497,0.450626,0.510362,0.161249,-0.049095,0.468947,0.381204,1.37163,0.560706,-1.888232,-0.065703,0.328984,-0.833232,0.685587,-0.04065
Euler,-0.014313,-0.335798,-0.646399,0.112477,0.138399,0.059062,-0.851624,-0.553075,-0.555908,-0.078662,0.506516,-0.933217,-0.414495,0.975947,-0.340558,-0.086038,-1.266723,-0.26982,0.352941,-1.39879,0.004811,1.020039,-0.18603,1.169674,-0.139629,1.411637,-0.714102,0.743789,0.216043,-1.001035,1.572318
topologique,-0.401548,0.47494,0.60023,-1.280982,-0.659907,-0.91749,-1.302243,-0.211649,1.060886,-0.507813,-0.033915,-0.603814,-0.473028,0.069627,-0.121033,0.248197,-0.616926,0.252607,1.084754,-0.889124,-0.200136,1.028657,-1.348786,0.433753,-0.646121,0.503837,-0.559724,-0.039712,0.417225,-0.689736,1.565423
déduire,-0.362407,-0.631992,0.809044,0.234971,-0.522558,-0.527403,-1.412936,0.215406,0.235089,-0.200981,0.599571,-0.899022,-0.516659,-0.071706,0.191576,0.091077,-0.822443,0.05306,0.021805,-0.988804,0.307346,0.096689,0.020668,1.39815,0.639119,-1.132878,-0.932642,1.145363,0.370063,-0.422314,0.724671
composer,-0.539271,0.789291,-0.664816,0.389135,0.663326,0.378031,-0.39194,-0.251627,0.004684,-0.82176,0.319647,0.025085,0.831661,-0.82113,-0.098276,-0.693105,0.019456,-0.884027,-0.084393,0.956202,0.367069,0.803904,-0.166223,-0.337186,-0.3121,-1.707362,-0.426999,0.482291,0.007431,0.473673,0.363961
deuxième,0.607518,-0.146063,0.375943,0.272521,0.40082,0.663849,0.080961,-0.24745,-0.201367,-0.171434,0.039578,0.636597,-0.383225,-1.363859,0.070954,-0.3678,-0.540234,-0.771338,-0.119751,0.892739,0.07745,0.02137,0.396533,0.747494,0.025805,-1.20047,1.043238,-0.476936,0.48752,0.653357,-0.295974
rayon,-0.90752,0.649055,0.298457,0.756221,-0.431148,-0.132304,-1.235089,0.166424,-0.02868,0.106949,0.709853,-0.905133,-0.777927,0.580105,-1.049539,-1.044553,-1.328488,0.841659,0.586266,-0.189482,0.035268,1.492663,0.381357,0.251839,1.06403,-1.647325,0.268264,0.196217,0.396691,-0.342787,-0.004214
caractéristique,-0.288617,0.955548,0.341905,0.178202,-0.450285,-0.80461,-1.886169,0.140382,-0.104348,-1.248605,-0.224799,-0.251838,-0.494629,-0.097435,-0.119952,-1.218045,-0.433467,-0.41654,0.810142,0.324373,0.133245,1.032411,-0.430553,-0.186366,-0.611376,-2.071945,-0.370172,-0.032883,-0.120574,-0.589346,0.062815
vide,-0.478261,0.808261,0.188998,0.025622,-0.649195,-0.069149,-0.827849,-0.411959,-0.31539,0.974235,-0.07039,-0.027599,0.11342,-0.533771,-0.460974,-0.613793,-0.913674,0.747556,0.675498,-0.049841,-0.02363,0.317233,0.323384,0.265622,1.226771,-1.433062,-0.533804,0.274762,0.186579,-0.495108,0.095182
affine,-0.323805,-0.345177,-0.216393,-0.044864,0.058047,-0.718331,-1.71642,0.842607,0.455122,0.179955,0.003444,-1.253896,-0.145783,-0.498725,0.205538,-0.34214,-0.725906,-0.464977,-0.000356,-0.840829,-0.913199,0.559744,-1.050854,0.001559,-0.13302,1.203247,-1.043198,-0.395553,0.001301,0.110064,1.478219
supposer,-0.08613,-0.516135,0.917752,-0.534494,-0.98337,0.083375,-1.109295,-0.234066,-0.13654,-0.066569,0.193495,-0.555816,-0.425632,0.24898,0.41365,-0.312602,-0.235651,0.036674,0.040516,-0.311536,0.701138,0.027323,-0.036109,0.385448,0.201298,-1.834152,-0.2695,0.980444,-0.216764,-0.23997,0.375756
ouvert,0.802787,0.484021,0.172116,0.360824,0.22411,-0.629065,-0.593377,-0.673313,-0.666678,0.482616,0.095073,-0.302315,0.418236,-0.260361,-0.311995,-0.638703,0.519562,0.171375,0.964907,-0.180619,-0.148013,-0.088386,-0.07637,-0.534886,0.476579,-1.624163,0.344348,-0.427712,0.62758,0.089034,0.13975
partiel,1.385026,0.489413,0.178941,-0.004997,0.143428,0.626886,-0.58965,-0.105339,-0.19554,-0.692529,-0.362567,-0.211822,-0.285898,-0.747703,0.639437,0.318848,-0.312348,0.135707,-0.30948,-0.41419,-0.666853,0.890725,-0.081995,0.294879,0.616652,-0.847658,-0.050526,-0.228074,-0.231063,-0.494325,0.160867
approximation,-0.7626,-0.984906,0.609395,0.046296,-0.601256,-0.191197,-1.443121,0.008209,0.616584,-0.686353,0.737229,-1.232124,-0.130723,-0.210265,0.022107,-0.154516,-0.957799,0.297182,0.463174,-1.673601,-0.851182,1.020443,0.007322,1.332117,0.333764,-0.33942,-1.125325,0.639496,0.411261,-0.495566,1.336906
convergence,0.743183,-0.400211,-0.089397,-0.120854,0.360679,-0.947412,-0.683552,0.647731,0.494044,-0.550237,-1.009762,-0.482095,0.618068,1.025768,-0.390538,0.198898,-0.501997,0.77135,0.637564,-0.815868,-0.574532,0.372212,0.338139,0.051936,-0.615345,-0.763159,0.333093,-0.602311,-0.117883,0.539447,0.942738
chemin,-0.153175,0.337448,-0.001271,-0.141904,-0.248611,-0.679897,-0.145014,-0.934891,-1.854366,0.144852,0.064774,0.148022,0.303344,-0.671636,0.05362,-0.910119,1.214825,0.326084,0.172395,-0.125835,-0.693261,-0.587427,0.43092,-0.306478,1.044345,-1.068289,0.086235,-0.705716,0.756786,0.494966,-0.037287
rotation,-0.318899,-0.001572,0.554399,0.254603,-0.083271,-0.765457,-1.1642,-0.261269,0.662955,-0.219328,-0.091527,-1.200285,0.168605,-0.827902,-1.437359,-0.866628,-2.17667,0.247595,1.052646,-0.384259,-0.897002,1.143038,0.789986,0.4306,0.499633,-1.186869,0.407486,-0.217825,0.223872,-0.331142,0.359815
différence,-0.056201,-0.11,0.670697,0.622901,-0.784744,-0.034395,-1.18239,0.153489,0.23058,-0.411828,-0.832149,-0.373804,-0.050334,-0.296953,0.267829,-0.402612,-0.645091,0.094456,0.375386,-0.733184,0.334318,0.177662,0.398732,0.94284,-0.530056,-2.233242,-0.685386,-0.092135,0.411195,-0.080673,0.476615
analytique,0.478206,0.056746,-0.079297,0.967781,-1.137198,0.628261,-1.032231,0.114576,0.351828,-0.467891,0.180395,-1.537926,0.428684,0.520465,0.214896,-0.583727,-0.281615,1.028846,-0.686498,-1.176762,-0.80421,-0.102626,-1.038985,0.806094,-1.000268,-0.44503,-0.628279,0.366528,0.886948,-0.34197,1.667134
formel,1.038366,-0.64356,0.694409,-0.348315,-0.047267,-0.032099,-1.262456,-0.568525,1.173013,-0.046899,-0.214235,-0.331305,0.392333,-0.701073,-0.597719,-0.044733,0.184963,-0.115968,-0.136557,-1.139648,-0.209811,-0.157384,-1.203758,0.627463,-0.57088,-1.127901,-0.760938,0.370032,-0.059739,-0.169272,1.022994
intersection,-0.347965,0.517117,0.877906,-0.032167,0.003557,-1.318839,-1.449755,-0.395632,-1.191498,-0.474476,-0.185744,-0.426419,0.874094,0.645438,-0.534128,0.275589,0.135244,-0.94764,0.847112,-0.412942,-1.177572,0.419407,0.246875,0.143242,1.146969,-0.188295,-0.01126,-0.561135,1.225649,-0.015836,0.006222
pourcent,-0.193149,0.657612,-2.218166,1.984659,0.39628,-1.102907,0.271915,1.216809,-0.243612,-1.430874,-1.249728,1.124463,-0.3879,0.066531,0.205281,1.205784,-0.520381,0.141753,-0.136092,-0.572707,1.03065,0.386616,1.321665,0.871449,0.990566,-2.858665,-0.101857,0.229041,-0.612958,0.662808,-0.845256
caractère,-0.092228,0.155466,0.7111,0.023631,-0.694171,0.22164,-1.162482,0.00192,0.57871,-0.204812,-0.605787,-0.618514,0.206482,-0.626853,-0.002359,-0.321036,0.703823,-0.219123,0.228772,-1.081116,0.677238,0.013515,-0.804569,-0.061945,-0.984496,-2.296777,-0.770903,0.31118,-0.163621,0.186519,0.549744
raison,1.063093,-0.583334,0.506162,-0.248642,-0.527531,0.218359,-0.416102,-0.435206,-0.1983,-0.133405,-0.317637,-0.067531,-0.277291,-0.587412,0.605673,-0.442008,-0.338993,0.575083,0.214486,-0.190196,0.159701,-0.592712,0.304002,0.389121,0.325436,-2.378832,-0.051698,-0.128346,-0.568496,0.105145,-0.068727
aire,0.54057,0.771435,-0.152344,-0.090368,0.830594,-1.263633,-0.256968,-0.166867,-1.281665,-1.567113,-0.802913,-0.373727,0.531718,-0.145953,0.728274,-0.414267,0.541547,0.334358,-0.170465,-0.27,0.471646,-0.367207,0.109624,-0.962861,-0.427054,-0.932407,0.770162,-1.310276,0.23212,0.080782,-0.432865
section,0.267943,0.938815,-0.189073,0.828103,0.30963,-0.08063,-0.280139,-0.496849,0.085214,-0.548869,0.006257,-0.193785,0.57799,-0.509488,-0.089237,-0.395183,0.896276,-0.105596,-0.034825,-0.044348,-0.555479,0.096017,-0.78757,0.093484,0.308813,-1.302585,0.67963,-1.132339,0.989915,0.3933,0.164961
cycle,1.049008,0.32926,-0.246235,0.504794,-0.616171,-0.410439,-0.946336,-0.253439,0.616633,-0.632452,0.078792,-1.137385,-0.443631,-1.016983,-0.374172,-0.558983,-1.157424,0.963476,-0.423723,0.756372,-0.17655,0.345898,0.121787,-0.07454,-0.606339,-0.827602,-0.365734,0.363339,0.816944,-0.097066,0.139614
source,0.206782,0.341213,0.481081,0.434819,-0.08328,-0.091323,-0.287947,0.09343,-0.733267,-1.099227,0.069052,0.387751,0.002527,0.296201,0.442667,-0.646887,1.307787,0.312674,-1.015136,0.096808,-0.060757,0.200404,0.313812,0.205284,-0.62572,-1.147861,0.226166,0.777242,0.177281,-0.140855,0.233291
discret,-0.021104,-0.247528,0.30708,-0.666741,0.163354,0.266183,-0.624651,0.626122,0.518908,0.460905,0.038484,-1.253976,-0.009243,0.077498,-0.487184,-0.389102,-0.279588,0.277835,1.113156,-0.482074,0.184597,0.044939,-0.351362,0.054936,-0.538252,-1.153344,-0.19617,-0.105141,-0.117929,-0.069359,-0.065577
combinatoire,-0.357731,-0.266856,-0.022993,-0.144046,-1.532849,-0.059727,-0.67251,-0.370318,1.364823,0.070986,0.139573,-0.918271,-0.242171,0.108839,0.275385,-0.191858,-0.469509,0.537985,1.408035,-1.146704,-0.560308,0.470401,-1.377787,0.269393,-0.912088,0.701972,-0.130726,0.12576,0.585051,-0.714533,1.703768
dynamique,0.221052,-0.210522,-0.299517,0.029875,-0.685023,-0.739349,-0.879529,0.018769,0.572709,-0.984093,-0.785983,-1.130687,-0.174957,0.279005,-0.95477,-0.748557,-0.446352,1.174413,0.743158,-0.261612,-0.529273,0.224823,-0.221219,0.428203,-0.741611,-1.65404,-0.424738,-0.21288,0.571403,0.273589,0.712129
inverse,-0.258284,-0.387727,0.616013,0.380413,-0.272193,-0.292257,-0.529588,-0.188196,0.052464,-0.386729,-0.485352,-0.758538,0.031678,-0.095426,-0.1409,-0.284073,-0.994391,0.118731,0.454879,-0.764653,-0.018501,0.091901,0.341331,0.691533,0.464177,-1.46161,-0.262297,-0.243136,-0.128377,0.215319,0.886342
minimal,-0.405971,0.874218,0.103912,0.272926,0.397281,-0.890729,-0.971215,0.523688,0.491204,-1.351263,0.160188,-0.496919,-0.061778,-1.119888,-0.29092,0.053914,-0.526861,0.750414,0.492078,-1.560875,-0.480429,0.74668,0.024377,1.370172,0.10639,-1.432775,-0.448541,0.021592,-0.087608,-0.078484,-0.44751
extension,0.737046,1.01581,0.769213,-0.078602,0.144925,-1.676243,-0.742322,-0.437116,0.292314,-0.398748,-0.104393,-0.31818,-0.139229,-0.492814,0.347547,-0.34156,0.66568,0.159021,0.604989,0.422833,-0.486564,0.159716,-0.152582,0.220566,0.072337,-1.110968,0.043466,0.062685,-0.001752,0.776129,0.759388
arc,-0.434041,0.843912,0.191304,-0.456259,0.035792,-0.136453,-1.229336,-0.141202,-0.144044,0.494684,-0.350541,-0.253042,0.327981,-0.499762,-0.436358,-0.700702,0.588556,-0.333633,1.109651,0.987165,0.039092,0.854319,0.038008,-0.155054,0.022357,-0.987858,1.350707,-0.08648,1.184575,-0.187846,-0.23678
énoncé,-0.116543,-0.385305,1.546373,-0.286527,-0.467828,0.1077,-1.231894,-0.063829,0.50064,0.187587,0.351916,-1.036994,0.787064,-0.502394,0.091453,0.449315,-0.552487,-0.355015,-0.341974,-1.952875,-0.535512,-0.09509,-0.668932,0.831655,-0.157791,-0.704837,-1.550704,0.279349,0.562448,-0.31528,1.748967
parallèle,0.260585,-0.15384,0.425104,0.502273,0.054723,-0.228066,-0.526551,-0.297797,-0.277756,-0.306675,-0.158669,-0.408136,0.286374,-0.200667,-0.672219,-0.531532,-0.320509,-0.290418,0.993124,0.195247,-0.417854,0.081724,-0.138788,-0.274767,0.14216,-1.518009,0.168143,-0.437622,0.994196,0.427572,0.352269
négatif,0.370888,0.007543,0.560752,0.466575,-0.518727,0.279643,-0.519587,0.624034,0.303638,-0.480968,-0.431892,-0.779975,-0.130342,0.290064,0.101172,0.282988,-1.067747,0.733394,0.739965,-1.141904,0.390422,0.376884,0.784906,0.796036,-0.116261,-2.263636,-0.953498,0.505822,-0.518454,-0.052449,0.409194
niveau,0.307822,0.710342,-0.176742,0.345383,0.116246,-0.983664,-0.940004,-0.046761,0.340232,-0.81163,-0.180267,-0.37126,0.056771,-0.480416,0.128009,-0.451516,-0.540408,-0.001545,0.763149,0.099203,-0.003127,-0.284781,-0.190345,0.792825,0.157893,-2.795971,0.450099,-0.82824,0.896892,-0.033026,-0.049061
fraction,-0.982311,0.482904,-0.719566,0.120082,0.239829,-0.245499,-0.706443,-0.057114,0.463121,-0.832,-0.41877,-0.416056,0.970672,-0.036323,0.566367,0.465378,-0.619458,0.502221,0.088896,-0.638965,0.757252,0.982009,-0.004062,0.768214,1.080966,-0.642538,0.056335,0.059982,-0.005154,1.271157,0.750283
segment,-0.330156,1.14728,0.642996,0.029193,0.749009,-0.839624,-0.387963,1.010772,-0.268743,-0.392425,-0.337623,-0.61398,0.158974,-0.072468,-0.090732,0.152738,-0.670651,-0.648114,0.725393,0.35493,-0.712744,0.690338,0.335901,-0.663528,0.376415,-0.880011,-0.658059,-0.728304,0.00258,-0.018014,0.427262
norme,0.586324,0.984872,0.460727,0.835986,-0.493464,-1.244944,-0.364226,-0.444838,1.089038,-0.580322,-0.790502,0.389632,-0.302895,-0.356321,-0.643749,-0.030394,0.255673,0.16265,-0.010728,-1.038465,-0.276117,0.028457,-1.1763,0.989973,-0.262156,-1.843193,-0.844429,0.432131,-0.379152,-0.378166,1.44662
local,0.639628,-0.116266,-0.749756,0.223988,0.394198,-0.66421,0.110312,-0.669613,0.121046,-0.633073,-0.070035,0.049983,0.196876,-0.309504,0.444578,-0.127072,1.343217,0.417988,0.199554,0.257794,0.414477,-0.746376,-0.368787,-0.236843,0.308631,-2.232022,0.069298,-0.130373,0.026526,0.782902,-0.120042
métrique,-0.701122,-0.15687,0.52614,0.734904,-0.656277,-1.039275,-0.895778,-0.610825,-0.612998,-0.928088,-0.268237,-0.830355,0.051389,-1.325501,-0.389623,-0.736145,0.124316,-0.016883,0.637721,-1.750557,-1.114582,0.623529,-0.613818,0.280476,0.580401,0.219023,-0.608098,0.04402,0.482659,0.183739,1.319268
symétrie,0.286123,0.538316,0.060349,-0.225092,0.047414,-0.50214,-2.66587,0.154669,0.312072,0.343301,-0.738888,-1.128442,0.421066,0.157954,-0.698155,-0.161427,-1.317457,-0.144555,0.435168,-0.415477,0.003982,1.599411,-0.189172,0.64289,0.073518,-0.590561,-0.549408,-0.064619,0.652249,-0.599875,1.296934
inégalité,0.980579,-0.965945,-0.585709,-0.245638,-1.219677,-0.45615,-1.26276,0.306627,0.42043,-0.20165,-1.283207,-0.386256,0.121496,0.89399,0.276778,1.020103,-0.284181,1.286692,0.468646,-1.848712,-0.113537,0.066755,0.700231,0.571908,-0.271093,-1.204404,-0.63645,-0.172006,-0.100346,-0.584205,-0.159688
chaîne,0.392364,0.105558,0.445849,0.769546,0.787934,-0.819491,0.666017,0.190717,-0.005572,-0.553223,0.241377,0.32759,-0.467052,0.025224,-0.491923,-0.014873,-0.086759,-0.001099,1.028042,0.262944,0.223482,0.402583,0.30875,-1.171867,0.278133,-1.941085,-0.056344,-0.171921,0.365426,0.755148,1.150565
prouver,0.232498,-0.692113,0.655266,-0.553148,-1.019301,0.320384,-0.555508,0.009253,0.034013,0.550752,0.648108,-0.255231,-0.567864,0.269946,0.83272,-0.242342,-0.043544,0.459651,0.0014,-0.360541,0.417372,-0.965991,-0.504427,0.961661,0.136323,-1.441031,-0.278039,0.912035,0.030678,-0.554419,0.530365
Gauss,-0.645752,-0.662801,-0.503814,-0.001579,-0.294464,-0.356518,-1.147022,-0.733919,-0.141092,-0.302912,1.533481,-1.258191,0.002972,0.531602,0.098082,-0.099603,-1.258217,-0.679494,-0.124472,-1.392052,-0.422102,1.064035,0.317887,1.097657,-0.056131,0.889148,-0.777824,-0.132537,0.392323,-0.838483,1.263433
symétrique,-0.339301,0.946196,0.521952,-0.243709,0.028837,-0.626892,-2.292045,-0.418355,0.131554,0.35474,-0.646375,-1.254163,0.713951,-0.107281,-0.20639,-0.256143,-0.606771,-1.174969,1.617965,-0.579634,-0.091099,1.093182,-0.200955,0.664881,0.269123,-0.83216,-0.594028,-0.144514,0.375193,-0.413006,1.061748
Riemann,-0.094822,0.156901,0.108363,-0.349338,0.259848,0.421578,-0.938772,0.791244,-0.676115,-0.217011,0.032479,-0.508465,-0.328837,1.078288,-0.061452,0.317597,-1.30953,-0.296224,0.29186,-1.666951,0.075655,1.112086,-0.932322,0.733333,-0.140724,1.684935,-0.920418,-0.372861,-0.357399,-0.546656,1.230757
$\mathbb{Z}$,-0.967803,1.394992,1.075194,0.422069,-0.170872,0.028784,0.247268,0.334739,0.161564,-0.643541,-0.06363,0.40223,-0.432828,-0.184739,-0.576279,-0.256708,-0.109563,0.170393,-0.27043,0.509986,-0.087598,1.192089,0.028144,0.39859,0.152531,0.144457,-0.395199,0.358943,0.337221,0.827853,0.656136
polyèdre,-0.872849,0.108562,-0.500624,-0.390281,0.565671,-0.347685,-1.259502,0.01581,1.247821,-0.057138,0.098698,-0.880116,2.028096,0.838236,-0.073846,0.696069,-2.165833,-0.562563,0.529861,-0.970181,0.060982,0.24827,-1.075285,-0.259426,-0.259517,0.585676,0.376345,-0.186279,0.794631,-1.080213,0.57382
binaire,-0.758149,0.726034,1.325308,0.706028,-0.209842,-0.728025,-1.044727,-0.072809,0.621126,-0.738881,0.553424,-1.072693,-1.046292,0.4054,-0.502474,0.194586,-1.06221,-0.464333,0.466087,-0.779891,0.746741,1.831944,-0.459228,-0.030219,-0.096984,-0.872752,-0.483482,0.482504,0.182891,0.046211,1.69599
demi,-0.413623,-0.145649,0.37379,0.347893,0.304345,0.457449,-0.573857,0.21524,-0.412522,-0.145797,-0.444352,0.659471,-0.581723,-1.091821,0.021202,-0.414344,-1.368382,-1.190984,0.330524,0.730555,0.788453,0.215433,0.452725,1.029794,0.403813,-1.190926,0.929797,-0.662752,0.937995,-0.309674,-0.760229
multiplication,0.461225,0.398538,-0.474135,-0.015654,-0.651157,-0.834782,-0.920444,-0.136673,0.856547,0.30426,-0.553776,-1.231097,-0.085296,-0.474127,0.161659,0.255636,-1.009421,0.869824,0.29015,-0.392746,0.549803,0.518964,-0.001681,-0.256377,-0.027937,-1.004578,0.126251,0.371683,-0.487045,-0.016748,0.651901
libre,0.681826,0.111196,0.114295,0.812985,0.203501,0.059396,0.379861,-0.775297,-0.028873,0.247488,-0.33937,-0.038995,-0.22941,-0.164555,-0.519607,-0.630857,0.250118,0.092371,0.0888,-0.353859,0.366255,-0.176136,-0.139695,0.404164,-0.205899,-1.571865,0.073283,-0.869797,0.294867,0.407785,0.781309
identité,0.416652,-0.345503,0.798293,-0.189254,-0.899915,0.239881,0.046681,-0.211772,0.129087,0.11915,-0.454564,0.133818,-0.313769,0.900505,-0.38453,0.509032,0.760567,0.017984,0.13798,-0.439237,0.683329,-0.290506,-0.429336,0.070762,-0.300334,-2.000099,-0.533386,-0.213118,0.485564,0.378498,0.888978
Hilbert,-0.383286,0.266502,-0.206562,-0.586192,-0.467912,0.187083,-0.861692,-0.48728,0.129616,-0.336418,0.248119,-0.598819,0.132719,1.039175,-0.044003,0.896566,-1.189495,-0.480875,0.598301,-0.61436,-0.092633,0.643258,-1.023124,0.541818,0.110749,1.317862,-1.049596,0.335083,0.550369,-0.906975,0.982917
scalaire,-0.944209,-0.1763,0.080652,-0.840661,-0.515474,-0.866628,-1.418096,-0.030156,1.115308,-0.24276,-0.600574,-1.419805,-1.01262,-0.506745,-0.697641,0.418567,-0.560006,-0.168012,0.006033,-0.49621,0.364099,1.598424,-0.150738,0.799151,0.230572,-0.19281,-1.173993,0.589543,0.251922,-0.624815,1.60862
solide,-0.818795,-0.024765,-0.836854,0.207554,0.022864,0.24754,-1.166631,-0.253874,1.039815,0.307786,-0.179365,-0.772383,0.399169,-0.16229,0.235953,-1.522169,-1.111154,0.827036,0.757723,0.271116,0.152175,0.126815,-0.277494,1.160138,0.244193,-1.810436,-0.236213,-0.080144,0.202684,-0.104343,1.069807
densité,-1.053947,0.796651,-0.509551,0.713106,-0.009151,-1.56073,-1.914355,0.730306,-0.362289,-1.759187,-0.409806,-0.519544,-0.375214,-0.090605,0.574199,-0.112924,-0.672442,1.250453,0.382299,-0.927149,0.568494,0.896488,0.341974,0.877537,0.681213,-1.776898,-0.533219,-0.058227,0.574111,0.500502,-0.343299
lemme,-1.387713,0.316154,0.284553,-0.095844,0.237793,-0.650828,-1.024547,0.975278,0.439148,0.110044,0.095245,-0.870116,0.693882,0.309564,0.996452,0.332693,-0.386426,-0.311079,0.621363,-1.179599,-0.213591,0.55672,-0.322192,0.385832,0.014626,1.246076,-0.604442,0.056705,0.381762,0.070673,1.56306
polynomial,-0.492484,-0.58074,0.17799,-0.762011,-0.406465,0.147259,-1.130143,-0.11499,1.279872,-0.427287,-0.224906,-1.33113,-0.32649,-0.248933,0.270436,0.827605,-1.09781,-0.091987,0.012093,-1.145229,-0.226071,1.696472,-0.514691,1.605422,0.28759,0.69246,-1.055831,0.324118,-0.34611,-0.10075,1.905325
cinq,0.371559,0.245741,-0.099215,0.564176,0.349175,0.228777,-0.172506,-0.259501,-0.347729,0.034749,0.306304,0.241798,-0.070338,-1.375607,-0.141932,-0.228178,-0.154464,-0.906341,-0.081908,0.595167,0.481946,-0.187093,0.057016,0.147098,0.451602,-1.962915,0.678771,-0.020335,0.382283,0.340337,-0.749922
exponentielle,0.214319,-0.941889,-0.178873,0.581401,-1.005273,-1.279439,-1.255103,0.588025,0.663733,-0.785308,-0.855487,-1.350061,-0.629384,-0.417367,0.024513,0.255686,-1.478235,0.917907,1.423173,-1.142694,-0.735944,0.555494,0.236502,0.236852,0.413626,0.180507,-0.686589,0.606689,-0.40131,0.460037,0.452884
élémentaire,0.078332,0.630854,-1.041859,0.645237,-0.255508,0.038464,-1.107192,-0.894828,0.175615,-0.461992,0.088736,-1.962255,0.165419,-0.482393,-0.739819,0.083947,0.021511,0.436881,-0.952493,-0.512823,0.032576,0.479959,-0.919912,0.483047,0.575505,-0.481661,-0.884805,-0.454633,1.704613,-0.090469,0.420531
argument,0.717468,-0.638544,0.808772,-0.290535,-0.740421,0.581725,-0.693363,-0.172259,0.240314,0.500505,-0.059981,-0.509734,0.537891,0.266992,-0.065658,0.083536,0.10471,-0.009549,-0.189335,-1.108307,-0.399681,-0.365061,0.22226,0.871672,-0.730968,-1.070446,-0.884027,0.668519,-0.191815,-0.13395,1.050039
optimisation,0.192123,0.142536,-0.326936,-0.25506,-0.775452,-1.682615,0.296626,0.126105,1.420221,-0.778816,-0.128873,-0.951616,-0.702501,-0.066676,-0.405897,-0.306193,-0.359944,0.929692,0.943878,-0.75868,-1.469981,-0.735799,-0.895755,1.135513,-0.735315,-0.855536,-0.424209,0.587015,-0.002553,-0.709105,1.323583
Fourier,0.511948,-0.197376,-0.430348,0.061721,-0.087395,0.196313,-0.618723,-0.005856,-0.229533,-0.27217,-0.05072,-2.874425,0.233003,0.548845,-0.671448,0.017724,-0.432433,0.437402,0.067425,-0.584635,-0.309419,1.077332,0.203125,0.969243,0.080912,0.957848,0.210678,0.575726,0.997315,0.364172,1.154259
dériver,-0.997214,0.754148,0.341674,0.692568,-1.116496,-0.642366,-0.024069,-0.500961,0.597592,-0.481215,0.127352,-0.41447,-0.709818,-0.53857,0.248928,-0.686662,0.232848,-0.238139,0.106796,0.554868,0.591179,0.757817,-0.141253,-0.52111,-0.559561,-1.23152,-0.886826,0.276556,-0.358892,0.565357,1.471895
module,-0.292129,1.131513,0.677663,0.452893,0.588112,-1.835266,-0.513282,-0.129667,0.897782,-0.533472,0.944594,-1.019823,-0.198601,-0.306274,-1.290736,-0.670237,-0.983797,0.086148,0.427983,0.311099,-0.950199,0.175851,-0.809832,0.73584,0.305967,-1.025014,-0.567812,0.403911,0.311468,-0.407127,0.874413
maximal,-0.909713,0.676086,0.340117,0.860689,-0.312324,-1.467249,-1.118292,0.537735,0.019788,-1.058265,-0.145738,-0.183336,-0.623809,-1.388482,-0.679016,-0.598369,-1.098768,0.378006,0.61598,-1.336305,-0.834081,0.728133,0.652157,1.017564,0.936586,-1.801075,0.023652,0.151928,-0.71656,-0.399995,-1.009821
paire,-1.013399,0.858368,0.252545,0.636319,0.189704,0.125879,-0.841932,0.260844,-0.073034,0.32571,0.208206,-0.922104,-0.433664,-0.062638,-0.00331,-0.565964,-1.593175,-1.912733,0.745293,0.290057,0.840174,0.838045,-0.044059,0.636666,0.004411,-1.21138,0.111941,-0.496174,0.210219,-0.575885,0.558533
uniforme,-0.774917,0.35886,-0.048049,-0.268812,0.272001,0.586297,-0.868806,-0.625779,1.030221,0.538311,0.587229,-0.438883,0.068811,-0.443657,-0.414061,-0.755268,0.606191,-0.410578,0.81104,-0.960602,-0.00531,1.042206,-0.439951,0.14655,0.035067,-1.495185,0.028285,-0.843958,-0.669464,-0.614817,-0.210075
action,0.893477,0.141141,0.000702,-0.045446,-0.450646,0.226136,0.462292,-0.319378,1.158963,-0.028947,-0.231242,0.03348,0.117358,0.098756,-0.639809,0.26447,0.430066,0.749988,-0.051086,0.169404,-0.41815,0.033158,-0.181389,0.151814,-0.008544,-2.463026,-0.113603,-0.086454,-0.657694,0.468783,0.067141
total,0.098446,0.746844,-0.280064,1.226925,-0.662102,-1.023931,-0.339342,0.144779,0.29158,-0.725212,-0.036256,1.071641,0.006009,-0.932649,0.222609,0.462592,-0.765072,0.039859,-0.022514,-0.189695,-0.126574,0.00768,0.828235,0.838329,0.540605,-2.096512,0.681138,0.203631,-0.298447,0.047849,-0.936309
polygone,-0.897646,0.432538,-0.340559,-0.08009,-0.21524,-0.869848,-0.740396,-0.284266,0.295465,0.039419,1.03263,-0.862414,0.533131,0.521924,-0.470154,0.24268,-0.660827,-0.207242,1.121029,-0.891478,-0.367262,0.777477,-0.5466,-0.630882,0.353237,0.380212,0.883141,-0.073231,0.798613,0.042727,0.406542
division,-0.118566,0.377588,-0.321297,0.683161,-0.379922,-0.26981,0.383681,-1.094496,0.709979,-0.42321,0.380351,0.642476,0.196234,-0.151931,0.216185,-0.383467,-0.017394,-0.764337,-0.886281,0.763731,-0.554717,0.185432,0.034216,1.343077,-0.134164,-0.92104,1.923695,-1.726195,-0.046554,1.277541,-0.556655
signe,0.833286,-0.249721,0.778599,0.260103,-0.156284,0.758875,0.242277,-0.5136,0.35461,-0.00734,-0.754827,-0.086204,-0.271787,-0.662337,0.486363,0.163587,-0.808837,-0.205366,0.27095,0.375751,0.597254,-0.264032,0.452603,0.447201,-0.261604,-1.060009,0.506127,-0.196851,0.663445,-0.275939,0.441277
troisième,0.624442,-0.250696,0.373654,0.215217,0.215849,0.705931,0.019176,-0.097151,-0.074719,-0.205101,0.024066,0.617439,-0.443989,-1.28749,0.014142,-0.312263,-0.472328,-0.992987,-0.096928,0.862776,0.211183,0.061112,0.424745,0.811998,0.001072,-1.086569,1.112397,-0.52438,0.542033,0.669107,-0.394008
composante,-0.385699,-0.16024,0.029896,0.244999,-0.0343,-0.810391,-1.160171,-0.814745,1.202369,-1.140288,-0.435151,-1.080629,0.372641,0.509828,-1.125455,-0.330266,-0.267623,0.384866,0.180463,-0.370179,0.143109,1.378524,-0.506649,0.389926,-0.142987,-1.626894,0.228929,-0.423519,0.163787,0.621225,0.71646
paradoxe,0.397165,-0.88359,0.732606,-0.292384,-1.404308,0.112153,-0.838736,0.225603,-0.046724,0.428109,-0.035342,-0.794828,-0.242364,0.394179,-0.16619,0.451998,-0.429715,0.726727,0.182883,-1.066489,-0.375799,0.416407,0.509322,0.213821,-0.502301,0.003672,-0.70054,0.028806,0.926396,-0.37643,0.854543
égalité,1.170887,-0.647747,-0.286494,0.038493,-0.297309,0.283629,-0.56317,-0.57937,1.068087,0.404108,-1.007134,0.385575,0.239031,-0.503853,-0.184154,1.221802,-0.190241,-0.420352,-0.173593,-1.097672,0.380146,-0.092558,0.483241,1.679377,-0.550292,-1.493338,-0.064853,-0.936944,0.421445,0.000277,0.277751
critère,0.845991,0.120416,0.278194,0.279268,-0.122653,-0.736553,-1.389555,0.290321,0.914417,-0.76502,0.077254,-0.077762,-0.215461,-0.571475,0.567977,0.376954,-0.450784,-0.001402,-0.206797,-1.513993,0.165399,-0.510162,-0.974551,1.410486,-0.95333,-2.14335,-0.600664,-0.382225,0.336651,-0.528526,0.315463
orthogonal,-0.591959,0.339561,-0.151494,-0.787418,-0.008777,-1.289223,-1.462851,-0.538928,0.337082,-0.375581,-0.090245,-0.968747,1.119134,0.392236,-1.142266,0.636039,-0.903281,-1.231646,1.554019,-0.972659,-0.517324,1.058844,-0.485627,0.806849,0.13083,-0.419358,-0.618109,-0.178637,0.629189,0.446466,1.164009
moment,0.661077,-0.49754,0.940318,-0.499282,-0.115676,0.658146,-0.199711,-0.335943,0.046889,0.338457,0.263897,-0.166524,0.025699,-0.817391,-0.209716,-0.421701,-0.441748,0.433769,0.213338,0.505238,0.010056,-0.030495,0.223571,0.256251,0.653002,-1.73739,-0.172587,0.184549,-0.26586,0.48241,-0.2646
conséquence,0.949918,-0.707708,0.463814,-0.714966,-0.640207,-0.033038,-0.523087,-0.514276,0.131899,-0.557152,-0.306012,-0.008136,-0.193576,-0.18942,0.523545,-0.239074,-0.705421,0.94598,-0.059346,-0.38589,-0.153603,-0.284397,0.365568,0.557784,0.573482,-2.224966,0.259995,0.126234,-0.969061,0.078221,-0.062308
orienter,0.026753,0.298494,0.15961,0.425766,0.157812,-0.792018,-1.016067,-0.074802,0.050951,-0.531573,-0.108593,-1.002477,1.243488,0.245739,-0.461422,-0.855763,0.075381,-0.075166,1.544018,0.310519,-0.346257,-0.527349,-0.698925,-0.387615,-0.102238,-1.648939,-0.451192,-0.081403,0.533407,0.754525,0.420539
courbure,-0.981549,-0.487669,0.751734,-0.439782,-0.304297,-0.475339,-2.114496,0.514328,0.039372,-0.045038,-0.982301,-1.49435,-0.060369,0.132067,-0.575263,-0.670586,-1.047921,-0.233533,1.429721,-0.958469,-0.810479,1.126797,0.222362,0.712381,0.546524,-0.455225,-0.022594,-0.225539,0.588313,-0.786024,0.667522
couple,0.346757,-0.376541,0.146736,0.202817,-0.099664,0.939717,-0.412425,0.131429,-0.570614,0.441074,-0.456905,-0.148205,-1.23727,-0.256596,-0.582889,0.040101,-0.403313,-0.210428,0.33628,0.341138,0.851766,0.039144,0.162712,0.179225,0.722061,-1.011803,-1.186956,-0.466729,-0.14744,-0.231731,-1.065873
relatif,1.146667,0.196298,0.302626,0.001786,-0.254644,-0.527271,-0.843537,-0.088615,0.711673,-0.842507,-0.329792,0.04733,-0.156976,-0.870894,-0.133492,0.553366,0.40783,0.843181,-0.843566,-1.498204,-0.375437,0.496422,-0.248963,0.778955,-0.112465,-2.130964,0.12179,0.727875,-0.259166,-0.221049,0.427786
morphisme,-0.000662,1.295175,0.761026,-0.587465,0.628478,-1.80738,-1.781448,-0.001416,0.890012,0.956577,-0.190556,-1.2648,0.348791,0.222846,-0.965715,0.910636,-1.812229,0.007718,-0.881488,0.608249,0.739575,1.214435,-0.197313,-0.161183,1.06591,0.442821,-1.276762,-0.201302,0.244506,0.190458,1.68753
central,0.693624,0.183833,0.11962,0.808534,0.703823,-0.980463,-1.246816,-0.838805,-0.106934,-0.237017,-0.336858,0.628134,0.689349,0.41156,0.264263,-0.914792,0.495964,-0.287477,0.17967,0.686053,-0.293009,0.159668,0.058417,-0.524977,0.495603,-1.524593,0.77922,-0.817141,0.195422,-0.295363,0.239037
observation,0.732369,-0.12487,0.950711,0.150705,0.042575,-0.509122,-1.155795,0.409449,0.011493,-0.677651,1.852873,-1.383857,-0.254108,0.261104,-0.775276,-1.126308,-0.452325,0.626126,-0.677329,-0.435452,-0.877808,0.398406,0.167035,0.121396,-0.729316,-1.476854,0.855196,0.622522,0.157096,-0.709571,-0.404985
fixe,0.167519,0.547345,-0.070001,0.379722,0.403435,-0.704545,-0.488276,-0.512505,0.042312,0.276807,-0.226919,-0.277572,-0.387113,-1.125678,-1.146939,-0.50699,-0.28348,-0.239644,0.786553,-0.916071,-0.165626,0.608216,-0.419333,0.675702,0.651553,-1.610353,0.195014,-0.029996,0.013059,-0.491048,0.602573
raisonnement,0.103233,-0.366949,0.987843,-0.240074,-1.458945,-0.130055,-0.981594,-0.375705,0.686389,0.166996,-0.194768,-1.785307,0.821015,0.285793,0.195406,-0.02358,-0.543601,0.311302,0.023551,-1.345993,-0.936612,-0.954873,-0.542882,1.178012,-0.400598,-0.760151,-0.966664,0.329929,0.571247,-0.571103,1.165
cardinal,0.6939,0.219391,0.167097,-0.817618,0.172916,0.634226,0.315009,-1.01414,-0.886584,0.238358,-1.475574,-0.233333,0.347937,-0.006474,-0.334028,0.030679,0.322176,-1.414144,-0.920198,0.73019,1.283051,-0.655924,-0.348548,1.153167,-0.463516,0.543042,1.198546,1.013087,-0.51476,-0.331308,-0.326469
quadratique,-0.511536,0.611834,0.312685,-0.842044,-0.822218,-0.89479,-1.616758,-0.379337,0.845028,-0.553691,-0.396099,-1.105564,-0.16897,-0.563281,0.582035,1.108631,-0.980738,-0.162829,0.587575,-1.051887,-0.299163,1.541875,-0.424088,1.059937,0.644683,0.407982,-0.958632,-0.750979,1.036268,0.025436,1.729482
dual,-0.514095,0.970967,0.441013,0.301461,-0.050225,-1.069616,-0.540167,0.402091,1.770184,0.190003,-0.349138,-0.274165,-0.555153,0.737809,-0.246793,0.351966,-0.492249,0.125178,0.803188,-0.093403,-0.165716,0.772515,-0.67061,0.943377,-0.768162,0.905201,-0.416743,-0.54976,0.053247,-0.087507,0.915019
multiple,0.532407,0.364184,0.523144,-0.316225,-0.443498,-0.075831,-0.319733,-0.041871,0.539363,-0.24506,0.004062,-0.622106,-0.087505,-0.15429,0.177882,-0.146212,-0.086684,0.456598,0.807535,0.044467,-0.248176,0.00859,-0.180061,-0.065516,-0.40344,-1.843785,0.104781,0.269677,0.234823,-0.370492,0.264866
dénombrable,-1.014817,0.052787,-0.621282,-1.478554,-1.0873,-1.263673,-1.284566,-0.996917,0.830976,1.518385,1.477298,0.154247,-0.321741,0.06532,0.081195,1.078776,-1.135222,0.075534,0.207286,-0.31711,1.31651,0.943233,-0.060516,0.233794,-0.455448,1.181276,-1.713161,0.08892,0.124948,0.918539,0.860295
cube,-1.164678,0.78904,-0.407166,0.77888,-0.278586,-0.834744,-0.535896,0.35751,0.521051,0.283464,0.567845,0.386446,-0.08828,-0.123407,0.209019,0.213154,-0.963952,0.109527,1.261596,0.753926,-0.053488,0.543995,0.49262,-0.096162,0.720097,-0.43772,-0.342404,0.908677,0.521786,-0.381702,0.191085
récurrence,-0.245364,-0.637022,0.431316,-1.099679,-0.66682,-0.498253,-0.437528,0.454033,0.635997,-0.588537,0.051233,-1.625135,-0.027955,-0.39167,0.377817,1.45064,-1.485493,-0.093082,0.237777,-1.042783,-0.234861,0.243198,0.439385,-0.196931,-0.21852,0.403415,-0.584046,1.040458,0.52911,-0.786877,0.367751
ordonner,0.39855,-0.406748,0.403621,-1.066832,0.363023,0.370206,-0.310392,-1.64129,-0.094722,0.561146,0.333867,-0.528805,0.905877,-0.295156,-0.070324,-0.093704,-0.036122,-0.248773,-1.289413,0.072116,0.246507,-0.599201,-0.298524,0.763147,1.245101,-0.607974,0.716038,0.618115,-0.667466,-0.284338,-0.01769
maximum,-0.229393,0.540622,0.102629,0.771659,-0.002839,-0.907158,-0.583969,0.456201,0.464342,-0.329272,0.303501,-0.024806,-0.420575,-1.453952,-0.124411,-0.271167,-0.820749,0.134786,0.277216,-0.579479,-0.471999,0.351691,0.627283,0.767558,0.319973,-1.715833,0.02798,-0.14199,-0.775959,-0.010465,-0.635831
variation,0.229739,0.477197,0.432259,0.583146,0.22993,0.221079,-1.356198,0.797173,-0.01171,-1.403583,-0.15196,-0.749576,0.341296,-1.2998,-0.400317,-0.908488,-1.241029,1.094188,-0.279262,-0.661397,-0.63124,1.194533,1.000627,0.509027,-0.924176,-0.941111,-1.022836,0.563946,-0.209327,-0.101218,-0.204885
pair,0.415362,-0.232805,0.235039,-0.036509,0.925862,0.632944,-0.194932,0.123626,0.380034,-0.051068,-0.428101,-1.892331,-0.843602,-0.417741,-0.2709,-0.262785,1.332331,-0.552185,-0.055409,-0.314033,0.474882,0.449023,-0.229178,1.470684,-0.002191,-0.162507,1.146347,0.23257,-0.519849,0.609867,-0.065824
projection,0.79009,0.268324,0.27822,0.359173,0.016637,0.015905,-0.095424,0.203814,0.41258,0.20768,0.172409,-0.278096,-0.207065,0.013008,-1.260418,0.070392,-0.706374,0.311578,1.520718,-0.447302,-0.426022,0.80671,-0.32905,-0.791216,0.191942,-1.123661,0.33326,0.797775,0.726571,-0.799945,0.307363
ajouter,0.176037,0.714903,0.03948,0.420996,0.230101,-0.119191,-0.24714,-0.491814,0.084716,0.210933,0.132503,-0.32193,0.035852,-1.401193,0.107694,-0.555826,0.249047,-0.413274,0.608927,0.101102,0.306946,0.017808,0.109617,0.478511,0.012779,-1.880713,-0.297314,0.858441,-0.291329,0.004164,0.386774
Fermat,-0.335658,-0.273347,0.28243,-0.079425,0.169783,-0.038149,-0.410141,-0.894006,-0.258181,-0.292621,-0.368499,-2.075144,0.396821,0.317299,-0.575633,0.501982,-0.724925,0.184046,0.770343,-1.479211,0.012887,-0.116989,-0.676061,0.991948,0.841662,1.802283,0.321315,0.674722,1.704004,-1.071311,0.49009
fonctionnel,0.5328,1.288878,0.04202,-0.151943,-0.308392,-0.685097,-1.327511,-0.090378,0.584685,-0.761879,-0.390225,-1.719885,0.184594,0.089808,0.26563,-0.550049,-0.745264,0.489004,0.199271,-0.089567,-0.387258,-0.369867,-1.602081,0.297029,-0.313378,-1.589079,-0.725296,-0.370859,-0.28241,-0.486483,0.704421
intérieur,0.340152,0.285099,-0.688963,-0.3147,0.343628,-0.160564,-1.181444,-0.567596,-0.763226,0.390286,-0.39448,0.575371,0.687335,-0.068375,-0.481931,-0.88144,0.348084,-0.063614,0.714373,0.35085,-0.051471,0.272263,0.008949,-0.247161,0.768749,-2.406213,0.288151,0.357125,-0.101276,-0.636502,-0.003542
milieu,-0.111523,-0.228204,-0.732842,0.251841,-0.164131,-0.038298,-0.677891,-0.671925,-0.353791,-0.543255,-0.436641,-0.079605,0.67054,0.128731,0.164013,-1.072575,-0.367514,0.573487,0.66189,0.418098,0.994066,-0.344327,0.441043,-0.119371,-0.265435,-2.050127,-0.008732,-0.091192,0.447201,0.047029,-0.329486
tendre,-0.341106,-0.434002,0.095453,-0.468223,-0.293479,0.453132,-0.770242,0.343939,0.007321,0.454971,-0.987864,-0.419614,0.282688,-0.575614,0.09412,-0.769981,-0.16301,0.526053,0.485295,-0.40753,0.218072,-0.108677,0.258143,0.004759,0.124001,-2.117365,-0.489782,-0.12759,-0.340833,0.079418,0.364552
expérience,0.91177,-0.421677,0.289513,0.339695,-0.962007,0.629237,-0.135518,-0.543646,0.310405,-0.062222,0.436947,-0.969063,-0.284771,0.230574,-0.636899,-0.527147,-0.732303,1.005808,0.013774,0.134544,-0.132927,-0.590489,-0.154613,0.317079,-0.368303,-1.769292,-0.324962,-0.118151,0.377727,-0.04997,-0.074966
voisinage,0.072782,-0.268727,0.412189,-1.171155,0.05397,-1.0188,-1.056326,-0.667788,-0.524822,-0.393475,0.275785,-0.556018,0.02229,0.234161,0.042083,0.131714,-0.25308,0.76463,0.388505,-0.624259,0.559239,0.07365,0.076241,-0.270296,0.825773,-0.802351,-0.526827,0.180595,0.106257,-0.208126,-0.166493
commutatif,-0.828533,1.164985,-0.211465,-0.679502,-1.061077,-0.800219,-1.815518,-1.012292,1.518179,0.633601,-1.039432,-0.818738,0.054505,0.604479,0.610058,1.6544,-0.726539,-0.856943,-0.167082,0.001146,0.601598,1.571658,-1.01807,0.602942,0.589029,-0.104599,-1.353717,-1.190293,0.954089,-0.695701,1.827105
estimation,0.296114,-0.420393,0.108606,0.891266,-0.816067,-0.995644,-0.935478,0.475507,-0.069394,-1.49611,0.602119,0.795028,-0.540576,0.028985,0.668061,0.436043,-0.197867,0.227588,0.275741,-1.404465,-0.145605,0.224446,-0.013715,0.186969,0.389672,-1.650554,-0.1436,1.444576,-0.647664,-0.348126,-0.430908
projectif,-0.470236,0.744568,-0.040732,-1.354103,-0.27196,-0.991864,-1.178961,-0.011664,0.503757,0.570867,0.363215,-1.136734,0.462059,1.300486,-0.528008,0.62574,-1.091705,-0.14154,-0.027842,-0.898504,-0.788063,0.570297,-1.171429,0.259119,-0.377616,0.16484,-0.22519,-0.962103,0.959834,-0.906,1.431017
quotient,-0.697718,0.111187,0.003603,0.018901,-0.208919,-0.637793,-1.944427,1.330376,1.46634,0.06552,-0.411112,-0.922537,-0.021928,0.218366,0.383308,1.199497,-1.012476,-0.867488,0.11951,-0.866269,-0.051751,0.67247,-0.64619,2.109005,0.550915,-0.147474,-0.411991,-0.639333,0.588876,0.737791,0.670168
Newton,0.234333,-0.451147,0.607321,0.174672,-0.179109,0.021835,-0.435723,-0.54226,-0.219628,-0.712727,-0.310111,-0.828697,-0.461175,0.687781,-0.417307,-0.222018,-0.426561,-0.645653,0.037604,0.499867,-0.783272,0.390542,0.915749,0.862424,-0.282932,0.654506,-1.010833,0.200605,0.159245,-1.072399,0.186695
dix,0.412916,-0.082083,-0.029257,0.610181,0.212779,0.443199,0.058584,-0.065009,-0.351898,0.285366,0.624751,0.558568,-0.044117,-1.496477,-0.068711,-0.082902,-0.266064,-0.693271,0.011454,0.271453,0.55075,-0.507896,0.184272,0.247633,0.397869,-1.701177,0.666319,0.156643,0.229052,0.315729,-0.918815
localement,-0.300307,-0.156993,-0.791746,-0.00755,0.223179,-1.130707,-0.47476,0.035857,-0.109656,-0.301741,0.399284,-0.484419,0.253761,-0.511895,1.03381,-0.334802,-0.224275,0.414167,0.422883,-0.271062,0.852623,-0.111431,0.322249,-0.809833,0.111383,-1.34582,-0.164785,-0.000674,-0.686228,0.93132,0.616214
borne,-0.601169,1.126881,0.166305,-0.596418,-0.021879,-1.236075,-0.213981,0.044399,-0.763139,-0.06129,0.110008,-0.285474,-0.299599,-0.018273,-0.357981,0.161022,0.696125,-0.324088,1.185368,-0.248003,-0.217765,0.139672,-0.139391,0.391108,0.380975,-0.755526,0.259743,0.595818,0.628358,0.296246,0.580928
exact,-0.016227,-0.38854,1.560167,0.041799,-0.414701,-0.223586,-1.335994,0.026753,-0.017966,-0.426811,0.582,-0.481326,-0.178229,-0.3205,0.420926,-0.351169,0.084086,-0.086991,-0.047858,-1.190578,0.163417,-0.107346,-0.481438,0.736992,0.076999,-1.513819,-0.278076,1.048162,0.145371,-0.339221,0.385828
six,0.311313,0.616909,0.041612,0.580083,0.461994,0.347998,-0.059331,-0.195166,-0.124008,0.075059,0.636992,0.437066,0.079746,-1.403249,0.012889,-0.182754,-0.08935,-0.786319,0.103513,0.740192,0.172167,0.005452,0.317141,0.337129,0.519278,-1.627575,0.65506,-0.113452,0.339781,0.219682,-0.763984
impair,-0.487965,1.401967,0.453724,0.154743,0.444418,-0.338891,-1.052351,0.466636,-0.138783,0.025829,0.013715,-0.925166,0.188664,-1.331284,-0.012955,1.18204,-0.551443,-0.492474,0.556481,-1.395555,0.252885,1.033479,-0.291894,0.394413,1.187001,-0.384171,0.062069,-0.657646,0.935378,0.818843,0.007952
équivalence,-0.563841,0.055436,0.326407,0.83959,-0.234784,-0.626528,-1.162819,-0.315849,1.219852,-0.408531,0.054355,-0.499844,-0.265747,-0.230037,-0.527486,-0.004735,-0.901327,0.168568,-0.393373,-1.354697,0.061354,0.419856,-0.704281,1.58357,-0.128767,-0.324343,-0.733393,0.287929,0.18973,-0.755472,0.806307
Cauchy,-0.395626,-0.476816,-1.191073,-0.97377,0.008045,-0.361269,-0.085524,0.326533,-1.121509,-0.239147,0.340247,-1.521361,0.150223,0.319326,0.610589,0.749809,-1.029291,-0.177217,-0.080623,-1.348261,-0.215675,0.481266,0.221669,0.133113,0.443359,1.232071,0.075257,0.286734,0.66462,-0.12599,1.416092
échelle,0.191956,0.065099,-0.289046,0.04683,-0.278185,-0.779867,-1.045835,0.101501,0.321059,-1.078387,0.474639,-0.475467,-0.154144,-0.302327,-0.277146,-0.498112,-0.450276,0.629576,0.514706,-0.477815,-0.338689,0.601963,0.139211,0.395123,-0.224973,-2.015246,-0.008541,0.313753,0.189257,-0.049241,-0.008393
rectangle,-1.308668,0.870361,-0.284661,0.162297,0.788941,-0.675639,-1.685587,0.657821,0.297228,0.892526,0.151663,-0.111741,1.52298,-0.187905,-0.484255,0.203364,-0.116417,-1.332568,1.968321,-0.523058,-0.416576,1.206686,0.370611,-0.096034,0.125129,-0.302509,-0.433732,0.17089,1.096118,0.214215,0.496795
ordinal,-0.594926,1.091982,0.096449,-0.615263,0.932498,-0.438877,-0.471515,0.023842,1.721673,-0.46674,0.805273,-0.775322,0.205772,0.476124,0.203702,1.3223,0.05957,-0.735209,0.830605,-1.943418,1.390409,0.304695,-1.574985,1.528729,-1.060913,1.048176,-0.24638,-0.346635,-0.135651,-0.191837,0.182531
échantillon,-0.383221,0.316765,-0.007248,1.064336,0.460166,-0.193598,-0.525034,0.796077,0.262641,-0.214313,1.628391,-0.794111,-0.215966,-0.095353,0.476647,-0.733151,-1.654579,0.817127,-0.006309,-0.297161,0.445376,0.225208,-0.116692,0.004555,0.153022,-1.564967,-0.103028,1.336591,0.257669,-0.975524,0.745186
réciproque,0.275686,-0.92461,0.918204,-1.133969,0.012302,-0.531459,-0.940466,-0.315772,0.808009,0.373542,-0.887426,-0.670546,-0.267677,0.451633,-0.854326,0.52411,-0.393979,0.915374,0.529937,-1.066489,0.311179,0.004455,0.137932,0.894589,0.006375,-0.630145,-1.194454,-0.172892,-0.086453,-0.195145,0.532292
minimum,0.042208,0.82708,-0.312113,0.859742,0.469189,-0.851271,-0.404593,0.240818,0.920597,-0.377853,0.047753,0.045362,-0.365687,-1.658338,-0.229653,0.251009,-0.852088,0.141851,0.265193,-1.247095,0.080864,-0.127226,-0.101497,1.229532,0.199829,-1.768594,-0.182608,-0.260831,-0.476476,-0.299516,-0.780813
engendrer,0.111136,-0.535033,0.379812,-0.770859,-1.113106,-0.502061,-0.878972,-0.196897,0.497568,-0.480404,-0.716431,-0.725681,-0.625273,-0.274956,0.238306,0.079407,-0.950752,1.512305,0.780127,-0.241012,0.158163,0.531573,0.777902,0.006229,0.31373,-1.251575,-0.438111,0.44627,-0.549197,0.088351,0.154473
stable,-0.167988,0.067924,-0.429553,0.573623,0.006874,-0.619618,-1.410931,0.606784,0.587224,-0.52552,-0.034892,-0.300449,-0.150976,-0.063452,0.395145,-0.552713,-1.140742,0.810095,0.353796,-0.296172,0.03946,0.343647,0.04741,0.975782,0.467368,-1.496231,-1.014305,-0.120838,-0.719043,0.865908,0.416753
algorithmique,0.307923,0.039084,0.066189,-0.074583,-0.858291,-0.718207,-0.455495,-0.254561,1.218577,-0.662885,0.12528,-1.219826,0.075059,0.445623,-0.43457,0.153358,-0.593776,0.450252,1.184884,-1.298834,-0.798754,-0.096519,-1.377656,0.455511,-1.280269,0.455291,-0.689809,0.755809,0.76972,-0.981945,1.766333
fibré,-1.59033,0.219475,-0.76868,-0.6456,0.392539,-0.884512,0.270952,-0.231868,1.503814,-0.333608,0.021846,0.327207,0.433219,0.805806,0.853017,0.727919,-0.838754,0.239166,2.845483,-0.540374,-0.253683,0.962852,-1.118519,-0.986951,0.625652,1.277631,-0.090259,-0.494175,0.788767,-0.647289,1.990693
universel,1.438382,-0.233375,-0.170288,0.894669,-0.62621,0.212354,-1.0584,-0.527518,0.041043,0.938407,-0.491612,-0.548707,-0.243551,-0.659154,-0.987085,-0.101254,0.991968,0.098486,-0.760902,-1.139488,0.169181,0.476257,-0.18118,0.354173,-0.505236,-0.858702,0.188916,0.176283,0.297578,0.247184,0.598572
union,1.207859,-1.038419,-0.737973,0.468398,0.538816,0.252276,-0.065028,-0.905112,0.47042,-0.033254,-0.468821,1.068279,-0.333259,0.524497,-0.287872,0.188959,0.893292,0.152127,-0.829773,0.057026,0.377941,0.542405,0.135803,0.531746,0.330459,-1.273601,0.865374,-1.219231,-0.143289,0.789212,0.354442
diagramme,-0.728968,0.473029,-0.00595,0.179722,-0.331087,-0.980673,-0.90013,-0.082499,0.229512,-0.599957,0.602128,-0.935626,0.295912,0.064683,-0.689274,-0.194371,-1.015744,-0.575058,0.42297,-1.064779,-0.549304,1.135545,0.394767,0.915611,-0.900789,-0.440264,-0.434025,0.095607,0.722289,-0.132177,1.563075
événement,1.754236,-0.559097,1.00414,-0.022282,-0.407054,0.28407,-0.063249,-0.480323,-0.084723,-0.568777,0.409457,0.338479,-0.41163,-0.575907,-0.031484,0.126767,-0.209704,0.304197,0.450746,0.300781,0.337371,-0.250944,0.153976,-0.489279,-0.454702,-1.257486,1.094429,0.423222,0.228556,0.536501,-0.450124
Turing,0.442951,-0.26662,0.888909,-0.112634,-0.847135,0.441631,-0.093983,-0.315988,0.959432,0.203632,1.085097,-1.29886,-1.138997,0.684141,-0.193294,0.222572,-0.471515,-0.039499,0.823031,-0.542464,-0.492223,-0.224404,-1.591699,0.264251,-0.283498,1.443748,-0.067077,0.273397,0.523944,-1.344982,0.423942
addition,0.246936,0.537791,0.118201,0.73947,0.243746,-0.261397,-0.86775,0.271876,0.853596,0.316022,0.202542,-0.641832,0.223251,-0.90087,1.032307,-0.198698,-0.911167,0.026704,-0.237865,-0.517389,-0.461697,0.721078,0.571587,1.092063,-0.233727,0.009421,-0.088782,0.751026,-0.251299,-0.643442,1.712509
stratégie,0.810768,-0.768949,-0.34756,-0.31922,-0.656583,-0.765601,0.171459,0.298843,1.290316,0.024153,-0.441981,-0.27901,-0.182762,0.598201,-0.831852,-0.362459,-0.096986,0.634413,0.089841,0.053261,-1.099903,-0.612157,-0.441306,0.289593,-0.806886,-2.140991,0.223488,-0.226045,-0.458366,0.513338,0.838758
optimal,0.106225,0.316789,-0.317572,0.017926,0.358563,-1.301312,-0.877834,0.681958,1.112423,-0.209596,-0.055751,-1.05363,-0.216702,-0.510006,-0.465524,-0.51451,-1.337589,0.975347,0.527689,-1.003998,-0.842473,-0.035214,0.189723,1.114937,-0.306289,-1.194706,-1.056537,-0.188495,-0.586858,-0.83554,-0.130571
variance,-0.709297,-0.81658,-0.488794,0.067224,-0.596238,-0.970099,-1.003463,0.720115,1.544325,-0.505915,0.074537,-1.220513,-0.575715,0.24388,1.013579,1.296662,-0.663599,0.287118,0.776841,-1.528962,0.141363,0.830203,0.752976,1.109722,-0.219163,0.503329,-0.780261,0.214433,-0.119454,-0.493181,0.359626
permutation,-0.485358,0.657502,0.717166,0.065731,0.306424,-0.462423,-0.951133,-0.347565,0.874513,0.391662,-0.068253,-1.848171,0.196435,-0.425274,0.145288,0.890228,-0.912827,-0.673646,0.693831,-0.931062,0.205944,1.174336,-0.043635,1.185293,0.699293,0.548259,-0.157223,0.442908,0.467649,0.044172,1.564905
disque,0.179187,0.797503,0.625652,1.254577,0.779952,0.805577,0.468761,0.630661,0.365345,0.21055,0.284816,0.236584,-0.182407,-1.129218,-0.883665,-0.678316,-0.951157,-0.131643,1.480178,0.990901,0.097293,0.860628,0.502645,-0.446195,-0.276686,-0.900894,-0.776294,0.893271,0.087193,0.43774,0.716958
tenseur,-1.325369,-0.833374,0.404084,-1.405678,-0.118285,-0.478493,-1.700264,-0.292289,0.270012,-0.612787,-1.687878,-0.796926,-0.862151,0.110034,-0.751654,0.159037,-0.826238,-0.213687,0.207321,-1.244694,0.082686,1.795505,-0.756954,0.785783,1.057411,0.428653,-1.085693,0.237116,0.405443,-1.645337,1.734781
hyperbolique,-0.28105,-0.950207,0.887157,-0.154183,-0.062259,-0.868895,-1.694634,0.793075,0.930928,0.516561,-1.068405,-1.822633,0.241422,-0.080035,-0.99338,0.354571,-1.372405,-0.209973,1.04684,-1.385135,-0.462408,0.627669,-0.701383,-0.769274,0.57279,0.937752,-0.035802,0.265005,0.184205,-0.400764,0.923622
décomposition,-0.763025,0.14585,-0.72115,-0.161869,-0.619066,-0.433865,-1.171599,-0.190976,0.533538,-0.051389,0.277599,-0.983645,0.303552,-0.136376,0.662517,-0.286646,-1.726707,1.199384,-0.581462,-0.300959,0.25337,0.830994,0.398838,0.034428,0.297999,-0.872536,-0.586476,0.442329,-0.130636,-0.268345,1.134173
elliptique,-0.569248,0.36089,-0.048465,0.948568,0.173082,-1.078864,-2.328089,0.905138,-0.71369,0.627031,0.487343,-1.679142,-0.226284,0.567268,-0.672756,-0.703911,-1.197159,-1.350159,1.17338,-0.664141,0.084494,1.343433,0.374657,-0.31752,0.032063,-0.251324,0.445696,-0.086163,-0.246578,-0.341142,0.173384
mesurer,-0.586027,0.398296,0.244956,1.577216,0.280636,-0.933966,-1.881532,0.82204,-0.401483,-0.289743,0.54063,-0.640997,-0.144744,0.067462,-0.101628,-1.145919,-1.250811,-0.162873,0.477852,-0.520635,-0.11664,0.637922,0.54924,0.180349,0.442368,-1.79802,0.367437,0.082801,0.157794,-1.111515,-0.559275
rang,-0.580821,-0.380285,-0.194127,-0.09193,0.365092,0.15526,-0.744628,-0.269054,0.546508,-0.007634,0.026855,0.067863,0.161731,-0.952654,0.175227,-0.311155,0.103554,-1.207715,-0.57475,0.513493,0.611062,-0.291099,-0.473574,0.934186,0.097445,-1.345003,0.861956,-0.658726,-0.08534,0.552092,-0.946091
Leibniz,0.248717,-0.368159,0.040407,0.538714,-0.199913,0.380102,-0.972621,-0.876052,-0.085913,0.990712,0.408579,-1.139256,0.309254,1.419961,-0.68381,-0.716899,-0.306868,0.919825,-0.171655,-1.234295,0.218834,0.138391,0.541681,1.554566,-0.989191,1.16887,-0.930547,0.370311,0.643301,-0.382975,1.222049
boule,-1.183708,0.60309,-0.430416,-0.1943,-0.160454,0.368129,-0.044223,0.064421,0.144342,1.440704,0.345408,-0.670471,-0.220018,-0.703265,0.205713,-0.304585,-0.392032,0.08338,1.132332,0.257081,0.532701,0.885039,0.358736,-0.752871,0.333904,-1.071176,0.308725,-0.666718,1.052583,-0.228843,0.602144
branche,-0.535707,-0.243918,-0.284681,0.284946,0.789479,-0.657541,-0.923695,-0.258084,-0.060079,-0.015503,-0.99973,-0.7614,-0.433547,0.514225,-0.038645,-1.025342,1.034578,-0.233757,0.024706,0.484133,1.127551,0.54597,-0.211772,0.106732,0.51888,-0.816209,0.516965,-0.358894,-0.385536,0.830861,0.568135
partition,0.395722,0.376623,0.657903,0.690045,0.509567,0.325063,-0.333887,-0.184294,-0.03085,-0.063758,0.688946,0.135433,0.821249,-1.295094,-1.159265,-0.583233,-0.093443,-0.415525,-0.267232,-0.463048,-0.181354,0.517405,-0.198336,-0.191983,-0.835529,-0.062519,-0.968655,1.508719,-0.400438,0.581049,0.783878
fermé,0.46464,1.158074,0.400338,0.214772,0.33161,-0.693044,-0.582739,-1.10202,-0.710036,0.26449,-0.031951,-0.259789,0.203914,-0.99597,0.428569,-0.324827,-0.057408,0.035852,1.161419,-0.35494,-0.142585,0.21471,-0.271034,-0.317298,1.143712,-0.273283,-0.012081,-0.83447,-0.036835,0.104445,0.522596
invariant,-0.924784,-0.602409,0.266437,-1.139358,-0.6897,-0.79678,-2.065783,-0.566659,1.19222,-0.786954,0.162057,-0.339634,0.119495,0.172467,0.090474,0.17618,-0.760374,0.281049,0.138764,-1.014757,-0.246591,1.204209,-0.793797,0.375992,-0.054405,0.564742,-0.794538,-0.158359,0.253986,-0.570727,1.186995
diviser,-0.044789,-0.061671,0.125931,0.580164,0.268337,-0.761748,-1.56686,-0.473766,-0.102841,-0.251571,-0.010707,-0.030422,0.789766,-0.64066,0.002468,-0.328267,0.227082,-0.917511,-0.028593,-0.01655,0.566345,0.201008,0.008256,0.10587,0.426632,-1.602609,0.3294,-0.143227,-0.161677,1.202138,-0.086039
diviseur,-1.453484,0.455482,0.341739,-0.575994,-0.025818,-0.438978,-0.316106,-0.750372,0.25011,0.050706,0.144131,-0.821785,-0.029747,0.102592,0.498904,0.936671,-0.891976,-0.345375,0.774018,-1.510099,0.472266,1.199867,0.173444,1.354087,0.846642,0.368819,-0.797079,-0.699175,0.887929,-0.163397,1.967672
Banach,-1.254855,-0.465561,-0.607257,-1.869163,-0.696234,-0.41076,-0.249831,-0.734863,-0.142688,-0.600091,0.153187,0.181473,1.01548,1.010198,0.26443,1.117778,-1.728289,-0.566031,0.34553,-1.246762,-0.082774,0.134647,-0.578499,-0.01869,-0.809465,2.364968,-0.542955,-0.640887,0.853768,-0.822815,0.786776
logarithme,-1.326623,-1.050319,-0.038236,0.336685,-0.485114,-0.692712,-0.709834,0.904574,1.188289,-0.066875,0.321529,-2.328014,-0.594539,-0.350326,0.255481,0.559088,-0.374896,-0.345478,0.617868,-2.118936,-0.404774,0.580034,-0.012836,1.191423,0.418878,0.647582,0.274102,0.466039,-0.029436,-0.149384,0.643103
cent,-0.276595,0.299439,-0.296541,0.337662,-0.32172,0.392739,0.192394,0.155956,-0.429123,0.517155,0.503725,0.380597,0.136694,-1.546421,0.034067,0.05399,0.668536,-0.223997,-0.036881,-0.259392,0.515817,-0.097335,0.434405,-0.007858,0.427535,-1.397495,0.82046,0.942118,-0.286783,0.493413,-1.368375
décimal,-0.994274,-0.322158,0.301986,1.503862,-0.786333,-1.105985,-0.706632,-0.198115,1.05337,0.274016,0.583682,-1.107801,-0.487297,-1.017184,-0.298466,0.936754,-0.027897,-1.497074,0.267307,-2.348402,-0.08078,1.579244,0.086005,0.629893,0.197545,0.431957,-0.003258,0.829208,0.28813,0.293025,1.933648
espérance,-0.043091,-0.283906,0.020149,-0.126997,-0.468899,-0.069226,-0.295153,-0.16176,-0.148889,0.44727,-0.864179,-0.178125,-0.155922,-0.697027,0.495168,0.13671,-0.439302,0.926218,-0.391287,-0.327346,0.546445,-0.417886,0.789777,0.307014,0.029728,-0.045547,0.450032,-0.68663,0.754993,-0.029106,-0.366985
estimer,0.274014,-0.785874,-0.175275,0.881074,-0.632537,-0.431534,-0.46884,0.353398,-0.189746,-0.587104,0.367297,0.396561,-0.307487,0.546398,0.288894,0.485759,-0.337044,-0.114629,0.04641,-0.759586,0.42879,-0.530635,0.375783,0.662204,0.532336,-2.334612,-0.013905,0.970414,-0.575605,-0.16218,-0.844707
périodique,1.009533,0.300715,0.26928,0.988945,-0.296127,0.228201,-0.106059,0.398331,0.154431,-0.429877,0.595684,-0.864192,0.221462,-0.089848,-0.527444,-0.091178,-0.117272,0.803084,0.15044,-1.126443,-0.313689,0.99686,-0.539997,-1.065529,-0.471526,-0.617179,0.298222,0.589282,-0.327439,0.25298,0.6095
harmonique,-0.422465,0.338039,-0.185442,-0.335474,0.586001,0.209168,-1.054145,0.092822,0.859401,-0.824484,-0.766786,-1.692826,0.963767,-1.47444,-1.080843,-0.797033,-1.160777,0.630036,0.765487,-0.860953,-0.136774,1.348371,0.574489,0.543197,-1.302367,-0.451045,-1.094626,0.548748,0.000152,0.062736,0.810086
déterministe,0.175538,-0.147703,0.497621,-1.234899,-1.563841,-1.096972,-1.008635,-0.543233,0.137931,-0.953578,0.91435,-1.385829,-0.220515,0.312365,0.376909,0.764805,-1.237533,-0.143145,0.447718,-1.575274,-0.476273,0.519897,-0.458756,0.480714,-0.900881,-0.116909,-0.903355,-0.717679,0.176116,0.620305,1.48759
intégrer,0.632519,0.028908,-0.427487,0.411702,0.498069,-0.480405,-0.006857,-0.851938,0.219284,-0.531927,0.026893,-0.243318,-0.079166,-0.233084,-0.671868,-0.85185,0.407154,-0.071248,0.254109,0.728662,0.110662,-0.360354,-1.012682,0.300792,-0.190095,-1.365699,0.070974,-0.571897,0.280366,0.950112,0.768404
extérieur,0.413533,0.269187,-0.246838,-0.043573,0.401557,-0.352616,-1.040564,-0.773742,-0.069658,0.543496,-0.331194,0.359229,0.292052,-0.19894,-0.130691,-0.615808,-0.251906,-0.306625,1.230689,0.381809,0.103817,0.065053,-0.094756,0.289878,0.574609,-2.124567,0.668095,-0.224648,0.36423,-0.70663,0.135744
interne,0.441617,0.332121,0.389155,0.160108,-0.062944,-0.53264,-0.800346,-0.403154,0.201347,-0.752355,-0.633224,0.142471,-0.245965,0.481586,-0.150499,-0.5436,-0.004454,0.286727,-0.207015,-0.022837,-0.022295,0.534585,-0.537048,0.125949,0.138519,-1.746674,0.834135,-0.392654,0.098171,-0.429903,0.75667
absolu,0.533029,-0.317444,0.188893,-0.379477,-0.768316,0.05774,-1.801844,0.146191,0.284305,0.084203,-0.773881,0.328372,-0.083485,-0.103224,-1.160224,0.67708,-1.01645,-0.182881,-0.397804,-1.155652,0.4412,0.87535,0.658591,1.802625,-0.022734,-1.689402,-0.3131,-0.185872,0.08029,0.241844,-0.084671
converge,-0.248326,-0.594539,0.157003,-0.576704,0.451868,-0.692353,-0.358126,0.401354,0.743612,0.085248,0.781527,-0.230692,1.329702,0.943287,0.299963,0.695107,-1.428766,0.797795,0.754764,-0.370531,-0.331347,0.208541,0.373207,-0.236068,0.017437,1.607472,-0.729269,0.14253,0.018028,1.07881,0.730803
unitaire,0.065095,-0.18343,-0.545597,0.480145,-0.206038,-0.782852,-0.722247,-0.534083,0.887712,-0.211649,-0.934318,-0.193277,0.094983,0.259892,-0.572439,0.601508,-0.198264,-0.637303,0.504353,-0.711497,-0.21523,1.097567,-0.215772,0.223258,0.567371,-0.786127,-0.306195,-0.765259,-0.795853,0.844508,0.855427
multiplier,0.338256,-0.49247,-0.320197,0.154692,-0.540184,0.031307,-0.120503,-0.161301,0.249463,0.309158,-0.042526,-0.273908,-0.14932,-0.535844,-0.122918,-0.136162,-0.617786,0.769669,0.671598,-0.48447,0.221518,-0.14934,0.205312,-0.085021,0.322761,-1.467883,-0.034012,0.503034,-0.468469,0.402751,-0.072053
global,1.028732,0.023116,-0.118551,0.804116,0.217549,-1.509688,-0.455144,0.801405,1.635528,-0.844157,-0.028429,0.462435,-0.251993,0.683026,-0.00097,0.161855,0.091373,1.141637,0.27688,0.302463,-0.931946,0.057196,0.388474,0.900128,-0.588907,-1.543937,-0.01222,0.129591,-0.140287,0.127288,0.129877
modulo,-0.926888,0.906409,-0.172889,1.097296,-1.161666,-1.022679,-0.496199,0.129985,0.571181,1.049023,0.273516,-1.637277,0.594,-0.073481,0.228702,1.263783,-1.484883,-1.067478,-0.076189,-1.549405,-0.162487,0.145017,0.393428,1.52123,0.365889,1.047732,-0.573336,-0.055011,-0.532134,0.48331,0.316863
trivial,-0.286733,0.738905,0.937891,-0.221119,-0.477082,-0.140226,-1.126789,0.303684,0.974016,0.809536,0.125985,-0.389644,0.087259,0.140342,0.769966,0.552959,-0.140453,0.020003,0.905573,-1.274378,0.216791,0.554926,-0.478679,0.671292,-0.60692,0.312273,-1.3547,-0.50589,-0.034815,0.42671,1.612101
abélien,-0.48123,1.553537,-0.390671,-0.448344,-0.862373,-0.207869,-1.318488,-0.294518,1.132589,0.856062,0.871322,-1.318797,-1.095531,-0.792722,0.830307,0.753776,-1.232028,0.071345,0.097165,-0.65529,0.521093,1.096104,-1.278117,0.93779,0.093787,0.422911,-1.545844,-1.97378,-0.051003,0.944436,0.891458
Bernoulli,-0.145541,-0.243591,-0.319657,-0.835654,-0.020051,0.030247,-0.223502,-0.121047,-1.029484,-0.382733,0.041661,-1.004857,-0.907841,0.469482,-0.050657,-0.357762,-1.632349,0.602624,-0.195185,-1.827147,-0.027431,0.812616,-0.11771,1.638115,-0.188235,1.644654,-0.512117,1.059705,-0.223997,-0.92294,1.688517
borné,-1.042846,-0.619965,0.571703,-0.745466,0.062936,-0.396685,-1.015577,0.063644,0.381928,0.15501,0.07746,-0.001847,0.639927,0.408144,0.249392,0.584769,0.355164,0.069592,0.546476,-2.197015,-0.402635,-0.162789,-0.659034,0.271527,0.4011,0.564428,-0.954564,-1.457464,0.482987,-0.227857,0.268823
remarquable,0.334485,0.147074,-0.571841,-0.447216,0.036046,0.051235,-1.661745,0.232503,-0.610548,-0.308963,0.32683,-0.044932,0.662403,-0.554405,0.49268,-1.051939,0.792971,0.194634,0.781026,0.101906,0.204077,-0.261579,-0.491815,0.025545,-1.023562,-1.124011,0.332182,0.553318,0.886215,-0.332368,-0.865093
hauteur,-0.898598,0.735853,-0.329639,0.576678,0.233198,-0.774474,-1.472479,0.175171,-0.85173,-0.266882,-0.117157,0.600473,0.495322,-0.892097,0.127792,-1.000687,-0.271853,-0.542422,1.554664,-0.231503,-0.181173,0.288192,0.353772,0.325085,0.710601,-1.956704,0.75208,0.010395,0.487909,-0.711692,-0.846546
supplémentaire,0.282007,0.87417,-0.067776,0.297226,0.070971,-0.621122,0.069423,-0.473382,0.727036,-0.058267,0.493825,-0.172753,-0.173662,-1.439961,-0.170229,0.019175,-0.425961,-0.405062,0.622461,0.113214,-0.356296,-0.170896,-0.074224,0.961364,0.524162,-2.20817,0.018119,0.661193,-0.176383,-0.371566,-0.018472
Pascal,-0.095226,0.012734,-1.095247,-0.460034,-0.040667,1.058058,1.24391,0.732258,-0.9177,0.19653,-0.943333,-0.304245,-0.139095,-0.022779,-1.086428,0.660151,0.100528,-0.26532,-0.651542,0.428696,-0.098839,0.003477,0.303062,0.109841,-0.331574,-0.446309,-0.17552,0.450161,1.627618,0.019407,0.576875
NP,-0.525858,0.494496,-0.681241,0.346449,-0.09423,-0.972833,0.058383,0.369455,0.353255,-0.211516,0.026552,0.385504,0.429425,0.49655,0.845404,0.661037,-1.006607,-0.445652,0.26781,-0.620752,-0.283504,0.104241,-0.529071,0.429869,0.027443,0.600171,0.193724,-0.037053,-0.465334,0.603113,1.573928
univers,0.560856,-0.622522,1.036494,-0.17829,-1.523187,0.124601,-0.766311,-0.038847,0.211,0.101551,0.386613,-0.494731,-1.052496,0.480056,-1.053605,-0.148933,-0.178221,0.226672,0.628473,0.91947,0.212712,0.721735,0.4003,-0.863401,-1.1369,-1.237725,-0.738084,0.0269,1.204111,0.761759,0.418392
cartésien,-0.301795,-0.349429,0.21261,-0.372827,-1.221703,-0.207621,-1.040455,-1.054611,0.246277,0.075644,0.177386,-1.728375,1.038486,0.957988,-1.20435,0.021085,-0.703147,0.300903,0.165281,-0.966553,-0.269646,0.721014,0.589657,1.046954,-0.767179,0.084526,-0.517413,0.18106,0.981286,0.340321,1.402591
sept,0.163149,0.13622,0.108006,0.323915,0.233681,0.245562,-0.126446,-0.348814,-0.364706,0.048372,0.421604,0.392618,0.071714,-1.355711,-0.167193,-0.143343,-0.071977,-0.850183,-0.192332,0.543096,0.568942,-0.02025,0.260244,0.001838,0.205557,-1.561491,0.808042,-0.016136,0.616699,0.229582,-0.93807
noyau,-0.295174,1.003577,0.099932,0.193662,0.066988,-0.76987,-1.124209,-0.186021,0.053489,-0.496401,0.20035,-1.476824,0.093026,0.70581,0.011097,-0.830619,-1.114666,0.248886,0.409209,0.582362,0.713762,0.762289,-0.365891,0.144336,0.484222,-1.549362,-0.181079,0.254237,-0.411435,0.970857,1.205958
canonique,1.033961,0.335803,0.862349,0.096503,-0.505267,-0.435107,-1.339649,-1.39335,0.409509,0.050869,-0.4193,-1.389511,0.607003,-0.816025,-0.345634,1.005243,-0.100382,-0.719565,-1.374473,-0.578916,0.637332,-0.107557,-0.754902,0.604011,0.045067,0.065912,-0.2904,1.30366,0.684983,-0.402129,1.186271
isomorphe,-0.662898,1.375208,-0.357506,-1.024427,-0.717288,-0.938456,-1.499992,-0.108613,1.098338,0.817565,-0.140948,-0.853629,-0.317717,-0.582383,0.125272,1.22628,-1.133689,-0.540152,-0.152989,0.371464,-0.022731,0.612506,-1.185285,1.327344,1.107508,0.968287,-1.313111,-0.863994,0.608905,0.799282,0.923915
évaluation,0.97454,0.056758,-0.380022,0.291931,0.015905,-0.918766,-0.05432,0.350888,1.30642,-1.175571,0.453777,-0.508253,0.021417,0.05223,-0.255316,0.459945,-0.74047,0.883894,-0.749893,-0.974975,-0.806339,-0.948369,-0.810937,1.30883,-0.891502,-2.27943,0.021457,0.687649,0.095088,-1.088225,0.114669
intégration,1.13941,-0.3463,-0.354142,0.144483,-0.149186,-1.146703,-0.286672,-0.680881,0.81295,-0.740513,-0.816291,-0.105427,0.036517,0.360793,-0.843556,-0.210057,-0.083322,0.641082,0.313027,-0.562358,-0.177317,-0.245372,-0.772353,0.595186,-0.384627,-1.528525,-0.195151,-0.13615,-0.259653,0.49576,0.946931
combinaison,-0.841741,0.80966,0.396519,0.080865,-0.298787,-0.143238,-0.568316,-0.159576,1.110476,-0.094334,0.12894,-0.71917,-0.265598,-0.736455,-0.197239,-0.80814,-0.807799,-0.108643,0.821825,-0.141833,0.166135,0.505559,-0.440478,0.179978,-0.630835,-1.629364,-0.449358,0.104482,-0.205605,-0.617084,0.865526
précision,-0.579291,0.381568,0.724006,-0.003476,-0.592139,0.017374,-0.624193,0.314339,0.583364,-0.621912,0.122777,-0.828559,-0.558313,-0.254045,-0.2691,-0.896345,-0.80577,0.410552,0.6762,-0.968057,-0.172145,0.162418,-0.900522,0.996426,-0.589672,-1.718811,0.672908,0.681354,-0.08199,-1.107173,0.13239
spécial,0.302142,0.746655,-0.234569,-0.22403,0.187742,0.077791,0.90475,-0.1086,0.787516,0.003408,0.280042,0.648833,-0.450945,-0.483345,-0.93281,0.332566,0.389047,-0.440551,-0.233021,0.628446,-0.545485,0.277163,-0.468027,-0.240779,0.070632,-1.864458,-0.173669,-0.171155,0.267818,-0.64127,-0.081853
isomorphisme,-0.160549,0.854362,0.692383,-0.64884,-0.170709,-1.852324,-2.169412,-0.337972,0.642795,0.637816,0.206181,-0.950936,0.022869,0.363269,-0.642273,1.230286,-1.453745,-0.630003,-0.085253,0.294095,0.029218,0.72478,-0.801089,1.071586,1.304538,0.86866,-1.224062,0.094021,0.244796,0.588792,0.686454
idéal,-0.284969,-0.170916,-0.322567,0.025657,-1.042274,0.184436,-1.34351,-0.313658,0.331683,0.555501,-0.681153,-0.361626,0.073297,0.008756,-0.810135,-0.345614,-0.167039,0.481086,0.42368,-0.260518,0.41046,0.385343,0.163318,0.385809,-0.391945,-1.391197,-1.269201,-0.325645,0.40086,0.167289,0.289243
complémentaire,0.708591,0.787865,0.008364,0.639006,0.066036,-0.422895,-0.363229,0.1153,0.532076,-0.492917,0.199969,-1.028495,-0.275317,-0.295424,-0.098599,0.135614,0.254481,0.180234,-0.404048,-0.68577,-0.432957,0.01637,-0.925793,0.233938,0.008557,-1.388686,-0.554694,0.143592,0.174274,-0.542235,0.655018
riemannien,-1.049497,-1.388862,-1.517251,0.173089,-1.706306,-1.200411,-0.920169,-0.119334,-0.135853,-0.138039,-1.13319,-1.663906,0.641547,0.271675,1.145248,0.450282,-0.953857,-1.24539,1.107315,-1.451647,-0.039816,0.134187,0.18664,-1.285029,-1.117796,1.932569,0.087576,-0.543666,0.260694,-0.322516,1.382362
Dirichlet,-1.260325,-0.206903,-1.217928,-0.888963,-1.278839,-0.163231,-0.475379,0.593109,0.302786,0.239372,0.803794,-1.369705,0.874011,0.306548,0.519932,1.635076,-1.224564,-0.718677,-0.371032,-2.738472,-0.347009,0.191059,-1.265356,0.519597,-0.402181,1.190659,-0.607069,-0.519306,-0.124212,0.668603,0.578613
Gödel,0.086875,-0.101707,0.118392,0.18194,-0.793493,0.941619,-0.902073,-0.469353,0.023105,0.445139,0.821514,-0.218398,0.083353,0.353692,-0.425823,0.72268,-1.850473,-0.461188,0.853019,-1.56769,0.107922,0.733325,-0.820517,0.505629,-0.46657,2.029835,-1.23697,0.746027,-0.172896,-1.069658,0.446095
Neumann,0.221677,0.062957,-0.482867,0.005181,-0.096724,1.392706,-0.489471,0.279959,-0.816175,0.156235,0.817519,0.529357,0.068172,1.351025,0.216769,-0.103529,-0.841367,-0.043499,-0.471581,0.043409,-0.540953,0.676516,-0.843733,0.4158,0.01793,1.173001,-0.990005,-0.18935,-0.311866,-0.443219,0.384771
transformée,-0.556847,-1.038017,-0.071272,-0.190898,0.690069,-0.765501,-0.484271,0.446435,0.670449,-0.337234,0.383254,-3.462688,-0.712863,0.708106,-0.2845,0.489277,-0.87765,-0.213153,1.013138,-0.774479,-0.562698,0.672872,0.171313,0.955387,0.750065,1.401894,0.027417,0.775625,0.970724,-0.841244,1.277015
régression,0.398607,-0.357726,-0.481491,-0.717624,-1.189426,-0.990672,-0.841468,0.566362,0.071528,-0.680643,-0.486889,-0.824587,0.082245,-0.034313,1.161435,0.378945,-1.268899,1.134391,0.422217,-0.974505,-0.35778,-0.112544,0.814323,-0.155618,-0.707863,-0.646738,-0.372169,-0.232976,-0.410515,0.044357,0.04701
infinité,-0.761189,0.049142,0.267548,-0.815756,-0.798159,-0.75246,-1.131873,-0.262364,0.448361,0.951842,0.62641,-0.863611,0.122305,0.219929,-0.517673,0.590303,-0.739953,0.38277,0.496846,-0.867935,0.767733,0.411987,0.241325,0.241719,-0.32837,0.250639,-1.277427,0.570695,0.855466,-0.000697,0.87713
Cantor,0.429268,-0.213255,-0.724693,0.217188,0.786618,0.633398,-0.507653,0.425802,-0.221059,0.106079,0.635352,-0.553748,0.770298,0.703535,0.474435,0.444311,-0.496229,-0.672354,-0.743856,0.387699,0.162991,0.056365,-0.778167,-0.530658,-0.551954,2.007493,-1.081578,0.529424,-0.137972,-0.505057,0.601485
modélisation,0.188808,-0.010898,-0.177482,-0.074843,-0.868971,-1.176436,-0.71087,0.371278,0.744009,-1.276713,0.311593,-1.272489,-0.374488,0.840572,-0.468948,-0.846843,-0.996143,1.075067,0.516439,-0.108727,-1.183456,-0.327429,-1.084657,0.685578,-1.150937,-0.94509,-0.273181,0.7094,0.97426,-0.535918,1.535961
tracer,-0.696733,0.00577,0.567033,0.051709,0.008994,-0.596618,-0.883979,-0.011388,-0.840356,0.279686,0.41991,-0.391304,0.671726,-0.302064,-0.294338,-0.737467,0.028255,-0.457102,0.963913,-0.830812,-0.726175,-0.214173,-0.019168,-0.054116,0.317034,-0.594498,0.17615,0.09818,0.718164,-0.019999,0.556556
cône,-0.950826,0.360371,-0.077467,0.09335,0.378702,-1.014904,-1.650208,0.567774,-0.320506,0.112739,0.403954,-1.228493,0.589588,0.424035,0.423428,-0.588064,-1.545975,-0.286902,1.016507,0.010734,0.203393,1.114834,0.602499,-1.280222,0.737793,-0.802804,0.539022,-0.156728,-0.04145,-0.457395,0.433474
cubique,-1.04526,0.951121,-0.744752,-0.256835,-0.010123,-0.416636,-2.39569,0.283294,0.42507,0.271825,-0.367906,-0.509821,0.53487,0.319056,0.841817,-0.320593,-1.004158,-0.122585,1.347736,0.211704,0.501528,1.816944,-0.621263,0.554355,0.242229,-0.076632,-0.137244,0.458394,0.71633,0.458881,2.088562
simplifier,-0.408769,-0.044868,0.620484,0.324274,-0.188385,-0.837106,-1.009896,0.107882,0.643682,-0.227945,-0.393546,-0.125372,-0.23788,-0.952877,-0.335711,-1.040024,0.384651,-0.213808,0.344898,-0.606463,-0.598163,-0.075454,-1.384683,0.098598,0.02811,-0.994052,-0.628959,0.496827,-0.385541,-0.164536,1.486579
composition,0.522354,0.493213,-0.629735,0.379853,0.876448,1.139964,-0.755069,0.34878,0.24689,-1.088214,0.138321,-0.186135,0.984239,-1.329704,0.019444,-0.585318,0.02995,0.005805,0.001836,0.556452,-0.129745,0.663175,-0.366108,0.087661,-0.852339,-1.21529,-0.502585,0.63858,0.585293,0.398993,0.40515
triangulaire,-0.673459,0.374917,-0.522291,-0.007607,0.715924,-0.786727,-2.033674,0.271474,0.088325,1.221057,-0.727665,-0.774719,1.270412,-0.295426,0.062955,-0.360499,-0.088736,-1.56179,1.744705,-0.266705,-0.110361,0.995571,0.657409,-0.213277,0.125297,-1.307839,1.223381,-0.438642,0.283479,-0.026374,0.398351
Poincaré,0.53424,-0.925905,-0.801785,-0.197229,-0.059828,0.721021,-0.809356,-0.197091,-0.528512,0.75194,0.005049,-0.873494,0.230224,0.465174,-0.314723,0.476063,-0.092564,0.181699,-0.23843,-1.284204,-1.175527,0.66562,-1.044896,0.396271,1.578351,1.182461,0.569405,-0.156587,0.703309,0.16465,0.932344
réflexion,1.345159,-0.454103,0.251577,0.169535,-0.694708,0.410856,-0.662083,-0.003039,0.138524,0.341687,-0.325632,-1.155485,0.769274,0.425483,-1.293373,-0.284642,-0.019603,1.106147,-0.099692,-0.656419,-0.692552,-0.103386,0.060482,0.180282,-0.811641,-1.506824,-0.079978,0.550836,0.799453,0.352811,0.481044
huit,0.013573,0.464407,-0.036392,0.470791,0.41982,0.241202,-0.159655,-0.308531,-0.380603,0.022664,0.516352,0.236537,0.080161,-1.368564,-0.177257,-0.237674,-0.187485,-1.118076,0.132518,0.431898,0.575156,-0.166275,-0.042938,0.15747,0.541662,-1.78224,0.86106,-0.173374,0.492985,0.185289,-0.835959
stochastique,0.198317,-0.080205,-0.084631,-0.842999,-1.281651,-0.413583,-0.687554,0.042276,0.665911,-1.359149,0.448207,-1.436797,-0.403555,0.251993,0.059596,0.527291,-1.57433,0.614414,1.1792,-1.63392,-0.647428,0.655264,-0.818933,0.400375,-0.783843,0.418016,-0.91454,0.203892,-0.106606,0.10641,1.157745
coloration,-0.671317,0.540358,-0.086781,0.07611,0.905481,0.239572,-1.285684,1.591472,0.289521,0.294368,-0.334939,-1.487504,0.168639,0.409657,0.862998,-1.067762,-0.903985,0.157751,0.902143,-0.970787,0.523796,0.902786,-0.020256,-0.462866,-0.880736,-1.281309,-0.353816,-0.762509,-0.936894,-0.549196,1.047572
diamètre,-1.002417,0.973361,-0.387307,1.120637,0.293477,-0.970529,-2.293942,0.838217,-0.415401,0.091216,0.353822,-0.474119,-0.43276,-0.505064,-0.29753,-1.310431,-1.692709,-0.57075,0.982082,0.22941,-0.006888,1.661861,0.362692,-0.080401,1.039944,-1.59215,0.695593,0.448717,0.212189,-1.51781,-0.432791
négation,-0.432811,0.024889,1.532986,-0.571746,-1.247579,0.587342,-0.591979,-0.890686,0.906319,0.105245,-0.588884,0.043669,0.767589,0.530562,0.525511,1.082025,-0.361906,0.995838,-0.334593,-1.931148,0.572064,0.554785,-0.474086,0.347158,0.124087,-0.299626,-0.798489,-0.229716,0.279587,-0.337298,1.682441
réduction,0.829212,0.56843,-1.04536,0.285213,-0.224318,-0.607623,-0.453811,-0.207347,0.560646,-0.486639,-0.576379,-0.430728,3.5e-05,-0.789681,0.197524,0.009872,-1.144902,1.374709,0.326992,-1.005304,-0.331152,0.287086,0.295503,1.2032,0.550781,-1.868364,-0.346876,0.672859,-0.928716,-0.391292,0.447887
Markov,-0.793972,-0.813788,-0.569252,-1.238332,-0.39627,0.275722,-0.468762,-0.785768,0.864473,-0.274839,0.659837,0.51423,-0.301167,0.661762,-0.932595,0.266185,-1.698981,-0.130508,-0.310274,-0.783787,-0.228929,1.278327,-0.752793,0.339409,-0.228023,1.546652,0.249971,-0.179657,-0.081811,-0.869281,0.574344
conique,-1.61949,0.688734,-0.897262,0.06683,0.264629,-0.671009,-1.814237,0.517795,-0.125318,0.862683,-0.076056,-1.096515,0.983963,-0.279193,0.273717,-0.696421,-0.741009,-1.090404,1.444681,-0.100562,-0.292455,1.119275,0.267096,-0.631704,0.490269,-0.395815,0.281853,-0.086121,0.169976,-0.643227,0.490822
probabiliste,0.258807,0.15426,-0.315151,-0.929387,-0.690943,-0.856802,-0.514745,-0.210577,0.283898,-2.0734,1.115519,-0.513419,0.458602,-0.137211,0.862819,0.861,-1.111623,0.177964,-0.313342,-1.822705,-1.050626,0.331798,-0.795851,0.122503,-1.165887,0.300537,-0.31272,1.100191,0.236945,-0.902255,1.197177
sphérique,-1.01327,8.9e-05,-0.327409,0.582783,0.087816,-0.773833,-1.996077,0.346592,0.462183,0.731643,0.35047,-1.693905,0.072162,-0.191812,-0.613733,-0.484545,-1.356686,-0.714647,1.015635,-0.678528,-0.070928,1.922495,0.382484,-0.683879,0.419807,-0.918797,0.181393,0.204046,0.386849,-0.697387,1.069161
tangente,-1.233785,-1.365126,0.393536,-0.024302,0.768072,-0.362146,-1.34033,0.406921,0.45893,0.489818,-0.435769,-0.249705,1.411397,-0.218549,-1.530381,-0.271884,-0.810239,-0.329745,0.978077,-1.580576,-1.046948,0.176408,-0.021661,0.387224,0.405834,1.383315,-0.992034,-0.475592,0.836372,0.04182,0.531233
dérivable,-0.517794,0.18154,-0.454034,-0.715923,0.522918,-1.132765,-0.416644,0.863402,1.081647,0.411165,-0.365813,-1.433858,-0.207013,-0.633357,-0.915801,1.195321,-1.008631,0.096675,1.360183,-1.981361,0.412804,-0.08887,-1.775197,0.538631,0.924956,1.53236,-0.270676,0.442969,-0.482226,0.985809,0.576215
adjoint,0.547605,-0.803644,-1.712402,-0.468422,0.930335,0.864525,0.903709,-0.250279,0.185646,-0.281451,-0.117027,-0.259415,-0.027412,0.26605,-0.262663,0.487512,0.387069,-0.777599,-1.37604,0.839359,-0.539049,-0.555016,-1.266591,0.642937,0.874699,-0.836302,0.844401,-0.868874,0.634654,-0.085733,0.270771
bijection,0.447349,0.597631,0.192006,-0.445474,0.547949,-1.389014,-1.013611,-0.485785,0.697414,0.23914,-0.388632,-1.366565,0.335564,0.069638,-0.847198,1.311359,-0.849059,-0.212868,0.907412,-0.64355,0.310086,0.9288,-0.152508,1.123405,0.69564,1.736675,-1.209491,-0.015182,-0.728683,1.231935,0.403178
estimateur,-0.75469,-0.659523,-0.879992,-0.971444,0.233314,-0.73849,-0.620762,0.449102,0.321142,-0.222764,0.462331,-0.512904,0.213479,0.479131,0.863739,1.166818,-1.140334,-0.424579,1.02638,-1.877311,0.053638,-0.092026,-0.693687,0.893845,0.144772,1.225686,-0.654302,0.052954,-0.316624,-0.972803,0.44283
compter,-0.362027,0.399597,-0.718188,1.375176,-0.867953,-1.004367,-0.209068,-0.182598,-0.469196,-0.778303,0.401798,0.771695,0.115102,-0.622201,0.442912,0.495006,0.33143,-0.743834,-0.632553,-0.108108,0.698161,-0.622383,-0.012766,0.41654,0.642086,-1.368701,0.62042,0.164421,-0.275964,1.261346,-1.553808
homogène,-0.691621,0.120837,-0.775525,-0.007508,0.007401,-0.392334,-2.141669,0.04517,0.464902,-0.53194,0.381613,-0.524106,0.711545,-0.2618,0.594384,-0.788193,-0.655349,0.186275,1.0665,-0.737342,0.238644,0.957991,-0.468926,0.590816,-0.087419,-1.54685,-1.047103,0.156561,0.013493,0.492343,0.933332
neuf,0.203062,0.304125,-0.431641,0.41591,0.247646,-0.069938,-0.125432,-0.575527,-0.580704,0.053677,0.59488,0.167683,0.055331,-1.254411,0.175693,-0.078158,0.255925,-0.650829,0.152722,0.432628,0.419175,-0.319692,0.177386,0.103201,0.476713,-1.543692,0.738857,-0.027878,0.579362,0.35301,-0.776108
Laplace,-0.222878,-0.628791,-0.658675,-1.13177,-0.149447,-0.253071,-0.296512,-0.064208,-0.143435,-0.31996,0.141772,-2.094452,-0.588935,0.386799,-0.818237,0.051734,-0.411875,0.129062,-0.48156,-0.39652,-0.943195,0.877112,0.050584,0.403056,0.343156,0.885205,0.074837,0.283866,0.844907,-0.521451,1.04368
support,-0.119887,1.509969,0.393914,0.406532,0.675035,-0.858979,-0.060722,0.139196,1.346185,0.449683,0.124871,-0.623271,0.275001,0.125372,-0.633936,-0.985304,0.519485,0.180271,1.296893,0.5353,-0.524399,0.18812,-0.579589,0.269718,-0.630964,-1.719384,0.164753,0.712302,-0.306992,-0.352414,0.99604
évaluer,0.312761,-0.115307,-0.136091,0.845766,-0.381738,-1.009873,-0.565671,0.573291,0.652124,-0.607005,0.775249,-0.161844,-0.419929,0.228872,0.018127,0.113625,-0.9878,0.737794,-0.089598,-0.854601,-0.132528,-0.982362,-0.346297,1.113824,0.063006,-2.165218,-0.377165,0.838972,-0.324852,-0.681498,-0.448363
Fibonacci,-0.488357,0.742733,0.631715,-0.57889,-0.399867,-0.270761,0.296181,-0.54058,0.331385,-0.561881,0.490707,-0.587964,0.063966,0.155593,0.607086,0.914532,-1.713262,-0.148233,0.337999,-1.167141,0.504071,0.270313,-0.925952,0.383753,-0.310366,2.208473,-0.547662,0.486928,-0.750069,-0.493017,1.003092
étoile,-0.331801,0.361753,0.638212,0.429697,-0.010929,0.235068,-0.785438,-0.146392,-0.047201,-0.041766,0.353232,0.005642,-0.992606,-0.133274,-0.914063,-0.416415,-0.737026,-0.403788,0.143095,0.569416,0.759902,1.483897,0.468038,-0.184231,0.070554,-1.066379,0.787334,-0.815978,1.29529,0.018245,-0.094877
récursif,-0.440203,0.60595,0.81302,-0.755062,1.0701,-0.792686,-0.058889,-0.233612,1.228082,-0.172896,0.667335,-1.596667,0.551985,0.128571,0.566076,0.720997,-0.575703,0.135584,0.579055,-1.188562,-0.145251,0.303889,-1.475271,-0.262949,0.321622,0.456003,-0.939581,-0.60244,-0.079252,-0.320402,2.230344
priver,1.231036,-0.187396,-0.5816,0.353456,0.543652,-0.068998,0.171434,-0.594387,-0.366865,0.11903,-0.216404,0.062602,-0.58723,0.099119,-0.378549,0.189528,1.175197,-0.094773,0.104165,0.485034,0.284988,-0.868681,-0.53925,0.356553,0.829818,-1.413672,-0.453379,0.091918,0.195143,-0.318435,-0.624339
vingt,0.412997,-0.085972,-0.087441,0.42555,-0.082031,0.473262,0.039427,-0.1913,-0.52523,0.234471,0.619488,0.436703,-0.037926,-1.617209,-0.025494,-0.020653,-0.229889,-0.749282,-0.024997,0.060249,0.437047,-0.481642,0.063533,-0.090424,0.342321,-1.496063,0.791464,0.205453,0.351691,0.363506,-1.013663
trigonométrique,-0.575392,-0.754253,1.10247,-0.481154,-0.10635,-0.86472,-1.029568,0.241416,0.769369,0.237697,-0.240207,-1.113552,0.24034,-0.043798,-0.184661,0.413023,-0.609301,-0.066378,0.825291,-2.581247,-0.916545,0.307049,-0.899486,0.69224,-0.009815,0.727246,0.627611,-0.051536,0.554756,-0.892724,1.662928
moitié,0.017476,-0.095621,-0.426165,0.369553,-0.2476,-0.167759,-0.883838,-0.211692,-0.72545,-0.133841,-0.358997,0.167525,0.126133,-0.903977,0.578247,-0.734778,0.084663,-0.043605,0.599976,0.220536,0.908195,-0.254702,0.343075,0.110808,0.445005,-1.691497,0.405068,0.696583,-0.330174,0.512998,-0.622823
trace,-0.3325,0.307924,0.525771,-0.493323,-0.603009,0.034423,-0.82635,0.315918,-0.611531,0.053621,0.512887,-0.034062,0.168268,0.126998,1.291865,-0.727404,0.191438,0.580923,0.16861,0.672298,0.339185,-0.315964,0.079402,-0.34179,0.032973,-1.533379,0.058979,1.245017,0.509592,-0.388161,0.386498
faisceau,-0.497114,0.64591,0.400958,0.334785,0.67959,-0.391438,-0.983945,0.003654,-0.316049,-0.069797,-0.258698,-1.279559,0.636671,0.965095,-0.832878,-0.866309,-1.253029,0.189374,1.565626,-0.584713,-0.048524,1.218709,-0.353258,0.109757,1.099079,-1.059729,0.803524,-0.008858,-0.193478,0.156574,1.187878
irréductible,-1.37197,-0.098358,0.199465,-0.790974,-1.44547,0.180376,-1.166709,-0.235993,1.151817,-0.218275,-0.49146,-0.670021,0.244743,0.161478,-0.078425,1.0247,-0.813906,-0.206205,0.072609,-0.833797,0.471229,1.364578,-0.006591,1.067345,0.236177,-0.234354,-0.954125,-0.303431,0.547057,0.882182,1.081384
intégrale,0.464025,0.703522,-0.427916,0.014204,-0.441434,-0.396223,0.347421,0.286473,-0.395033,0.55421,1.563858,-0.369831,-0.311089,-0.98091,-1.49236,0.373507,-1.289687,-0.118519,0.076579,-0.34202,-0.331053,1.188958,1.217313,-0.306723,-1.356249,0.69946,-0.723096,1.188464,0.675644,0.636495,0.759418
corrélation,0.239054,-0.454069,0.955259,0.505107,-0.497885,-0.742235,-1.472548,0.905785,0.463246,-0.992897,0.006891,-1.378855,-0.633716,0.840697,0.500612,0.17068,-1.357076,0.984395,0.531241,-1.116649,0.050009,0.113797,-0.189906,0.925101,-0.077528,-1.046933,-0.659745,0.459186,0.309633,-0.642208,0.63077
pôle,0.322435,0.150588,-1.242533,0.385216,0.176097,-1.537786,-0.265333,0.019667,-0.056115,-1.275886,-0.137306,-0.883665,-0.325912,0.371884,-0.94591,0.021718,-0.050368,0.984227,0.319137,-0.199841,0.053769,-0.104537,-0.597111,-0.144134,0.194998,-1.316683,0.564483,-0.567642,1.450742,0.673144,-0.088038
Poisson,-1.199059,0.340629,-0.903161,0.035706,-0.078633,-0.646339,-0.464323,0.724173,-0.596551,0.512323,0.738061,-0.969697,-0.702687,-0.587315,1.024078,-1.153004,0.067525,0.558996,-0.825876,-0.089625,0.911405,0.282368,1.032935,-1.420529,-0.753946,-1.672937,-0.446581,-0.577249,-0.287501,-0.815418,-0.126513
proportionnel,0.176516,-0.218993,-0.686623,0.426041,0.661932,-0.540855,-1.603021,0.321371,0.799088,-0.575335,-0.298413,-0.858819,-0.418293,-1.113557,-0.528901,1.168066,-0.60349,-0.383421,0.428679,-1.519218,0.033885,1.907264,0.278893,1.438943,1.283894,-1.539843,-0.167827,-0.466878,-0.260705,0.675117,0.303275
Lebesgue,-0.933056,-1.088869,-0.616846,0.433937,-0.448644,-0.20743,-0.193332,0.95061,-0.721686,0.841033,0.07916,-0.470415,0.825035,0.361434,-0.370418,0.42229,-0.815832,0.335314,-0.3632,-2.169174,-0.359942,-0.117494,-0.662491,-1.060003,0.6368,2.360006,0.415398,0.917851,0.097907,-0.131518,0.539123
générateur,-0.402726,1.048006,-0.397167,0.108722,-0.771045,-1.313078,0.046315,-1.432161,0.283604,-0.630796,0.435386,-1.30544,-0.676045,-0.185489,-0.819867,-0.622456,-1.027604,1.005281,1.072087,-0.115501,-0.508239,0.909635,0.020517,0.526439,0.899079,-0.668469,-0.945377,0.639338,-0.133687,-0.237061,1.209258
flot,-0.918393,-0.4145,0.360986,-1.073541,-0.016808,-0.875173,-0.064618,-0.657756,-0.355444,0.431369,0.394467,-0.211637,0.077372,-0.624514,-0.278614,-0.584523,-0.495352,1.032783,0.938215,-0.743076,0.125483,-0.037127,0.689058,-0.200668,0.54564,-0.138607,0.021288,0.083017,0.306111,-0.20593,0.119584
Lagrange,0.255247,-0.435714,-0.917977,-0.611612,-0.623699,-0.189884,-0.716814,-0.612988,-1.177208,-0.449427,-0.081998,-1.227596,-0.62844,0.775654,-0.746372,0.621441,-0.629427,-0.333824,-0.022952,-0.547162,0.260935,1.213485,-0.056323,0.17334,0.28144,0.581209,0.095938,-0.192962,1.27108,-0.285433,0.659275
Viète,-0.601662,-0.355491,-0.366655,-0.567498,-0.437896,-0.096608,-0.34225,0.027385,-0.088424,-0.080444,-0.649153,-1.790259,0.094718,0.936728,-0.010075,0.627067,-0.709115,0.112304,0.759171,-1.336692,0.342986,0.418547,-0.913936,0.517878,0.228413,2.147984,0.707466,0.516135,0.091111,0.216134,0.980583
centrer,0.195464,-0.237277,0.091989,0.003573,-0.410353,-0.618421,-1.041284,-0.042829,0.261768,-0.731922,-0.167529,-0.60191,0.313756,0.38307,-0.73297,0.1851,0.217273,0.0902,0.91434,0.015584,0.12776,0.334295,-0.332948,-0.861389,-0.502384,-1.089411,-0.335183,-0.001262,0.796189,0.763698,0.065446
croissance,1.085193,-0.435985,-1.237413,0.934269,-0.473239,-0.98501,-1.209836,0.435534,0.425694,-0.493122,-1.331221,-0.845708,-0.356543,-0.299534,0.602741,-0.351131,-1.210886,1.697838,0.453114,-0.243537,0.111579,-0.167605,0.828053,0.035424,0.24907,-1.849541,-0.269561,-0.101221,-0.983288,0.315464,-0.239472
modulaire,-0.444278,1.223718,-1.000213,0.054421,-0.639681,-1.277171,-0.646189,-0.797976,0.939139,0.014499,0.351139,-0.624181,0.658942,0.144861,-1.014369,-0.63435,-0.90437,-0.340494,1.384948,0.482437,-0.826833,-0.030553,-1.461803,-0.016754,-0.333561,-0.170095,-0.858245,0.68663,0.063037,-0.037991,1.27063
fractal,-0.18647,0.827333,-0.524638,-0.159137,-0.831854,-0.853021,-0.947314,0.517135,1.068418,0.276246,-0.611494,-0.436971,0.332257,0.318441,-0.947186,0.925548,-1.184273,0.694927,0.832139,0.030233,-0.124769,0.967912,-0.485784,-0.399497,-0.701303,1.311877,-0.466979,0.789514,0.807856,0.169163,0.824677
grammaire,-0.626386,-0.605797,1.029265,1.499428,-0.499652,0.439021,-0.560653,-0.583922,0.43133,-0.750844,-0.737077,-1.101273,0.753586,-0.842505,-0.350574,-1.07946,0.705424,-0.017732,-1.416989,-1.757305,-0.30166,-0.277718,-0.971325,0.087709,-1.081627,0.425288,-1.013465,0.354261,0.913658,-0.127891,1.875976
prédicat,-0.829564,-0.393821,1.613551,-0.84356,1.043035,-0.309663,-1.536209,0.130109,1.33165,0.440955,-0.365328,-0.311184,-0.626352,-0.462823,-0.681572,0.030441,0.452573,-0.708788,-0.547839,-1.428916,1.127611,0.686149,-1.077102,1.561657,-0.386456,0.605316,-1.32959,-0.250629,0.001589,-0.546927,0.94817
Russell,0.342272,-1.025393,0.316924,0.019732,-0.092788,1.251167,0.303217,0.256086,0.000533,-0.502684,0.354379,-0.408234,-0.578292,0.585085,0.509407,0.671154,0.330456,-1.42957,-0.120589,1.184817,-1.253468,0.237979,0.81113,0.468252,0.265061,0.286985,-1.07406,0.063723,0.172519,-0.780649,-0.35993
polaire,-0.876937,-0.869927,-0.355763,-0.007866,0.293594,-0.307206,-0.8415,-0.125318,-0.269231,-0.799401,1.389269,-0.679054,-0.735335,0.468906,-0.64996,-1.355651,-1.107066,0.822651,0.00159,-0.577615,0.073121,1.751407,0.801199,-0.898605,-0.315641,-0.63443,0.366359,-0.792056,0.515398,-0.518999,0.448989
asymptotique,-0.584733,-1.425919,-0.639634,-0.500856,-1.049242,-1.848427,-1.063123,0.240807,0.455787,0.777151,-0.488414,-0.709188,-1.241737,0.82759,-0.2649,0.391557,-0.442971,0.258539,0.684301,-1.728286,0.298991,0.364507,0.006541,-0.045886,-0.530973,0.736367,0.121344,-1.591103,0.076804,0.165086,1.185219
diagonale,-1.503552,0.699726,0.763008,-0.130139,-0.042842,-0.769914,-0.960833,0.103845,-0.468239,0.52554,-0.573364,-0.180668,0.739428,0.282651,-0.88431,-0.140645,-0.769041,-0.68369,1.828952,-1.196824,0.084034,0.781522,0.458731,0.491044,0.084361,-0.263197,0.15724,-0.736073,0.993569,0.272831,0.733914
translation,0.48589,0.306976,1.542946,0.173189,0.274371,-0.505935,-1.426143,-0.149639,1.22648,0.56571,0.153119,-0.017334,0.692112,0.327787,-0.502054,0.16355,0.433869,0.326973,-0.244443,0.26914,-1.072221,1.025049,0.614665,0.455758,-0.286678,1.179078,0.17677,1.106555,0.765361,-0.853751,0.594854
continuité,0.679783,-0.540864,0.202552,-0.950909,-0.644735,-0.683221,-1.373408,-0.141362,0.102792,-0.322625,-0.435905,-0.247075,0.421487,-0.116353,-0.416913,0.032677,0.174486,0.104668,0.475292,0.079835,-0.607202,-0.173798,-0.328833,0.312074,-0.176784,-1.27472,-0.133891,0.314521,0.50751,0.482296,0.47335
pavage,-0.259715,0.26198,-1.11903,-0.995408,0.144649,-1.039765,-1.338561,-0.303458,-0.400066,0.801261,0.026986,-0.051309,1.237054,-0.802383,0.670012,0.037319,-0.503207,-0.210967,1.536345,-0.766403,-0.613415,0.069959,-0.548009,-0.615305,0.418483,0.525856,0.146566,1.116814,0.31192,-1.118353,0.688065
ellipse,-0.286113,-0.42101,0.211723,0.294528,-1.046297,-0.794597,-0.989836,0.388231,-0.047295,0.399886,-0.983192,-0.489012,0.22062,0.509042,-1.441578,0.23849,-0.329292,0.247867,0.182785,-0.786047,-1.059184,0.396639,0.491302,-0.041216,-0.391244,0.195633,-0.045403,0.255175,1.66245,-0.127997,0.723722
restriction,1.311452,0.125869,0.55732,-0.043134,-0.121248,-0.813609,-0.202586,-1.011149,0.98968,-0.13246,-0.17294,-0.235732,-0.248248,-0.829151,0.472604,0.519163,-0.423555,0.428581,0.153852,-1.341368,0.14603,-0.075207,0.136297,0.401812,0.24538,-1.505226,-0.152136,0.061292,-1.540444,-0.552386,0.412168
filtre,-0.844214,1.048196,-0.245489,0.271816,0.787647,-0.640072,0.09249,-0.149518,0.301546,0.069654,0.144796,-1.160844,-0.10557,0.101462,-0.675018,-0.740509,-1.176762,0.710135,1.558789,-1.068434,-0.057718,0.970425,0.304131,0.451541,0.330702,-1.013614,-0.576993,0.376408,-0.27051,-1.011645,1.657827
différentiable,-0.667947,-0.363067,0.077036,-0.426626,0.643845,-1.086583,-1.131061,1.159752,-0.069527,0.691311,0.895072,-0.769009,-0.091183,0.308627,0.083615,-0.000584,-1.466443,-0.460314,1.489911,-1.946553,0.134621,-0.49208,-0.844161,-0.107819,-0.459594,1.330001,-2.20338,-0.518983,-0.873924,0.60558,1.014775
holomorphe,-1.125321,-0.536045,-1.516622,-1.635971,0.730331,-0.699091,0.592406,-0.685106,1.645534,-0.224653,0.052352,-1.012064,1.765099,1.043126,0.276844,1.629706,-0.576105,-0.185961,0.392406,-2.073788,0.36342,0.475575,-1.100901,-0.226332,0.130837,0.315009,0.573012,-1.011411,-0.911358,0.102247,1.181726
strict,0.684028,-0.083211,0.208646,-0.399781,0.004885,-0.437386,-0.92609,-1.168686,0.97391,0.114265,-0.428063,-0.736055,0.444407,-0.547282,-0.079046,0.088311,0.168132,0.177409,-0.02044,-1.346779,0.501674,-0.290045,-0.528191,0.595021,-0.452758,-1.493473,-1.234677,-0.191821,-0.677239,-0.620021,0.364935
circulaire,0.153761,1.122674,0.026058,-0.314381,0.270854,-0.827776,-1.955222,-0.38904,-0.423963,0.402988,-0.118105,-0.679417,1.088197,-0.525606,-0.466435,-0.225708,-0.300141,-0.871236,0.934985,-0.159298,-0.365684,0.914298,-0.29832,-0.375133,0.734805,-1.656542,0.898512,0.495001,0.7543,-0.766125,0.623831
automorphisme,-0.966567,1.277138,-0.470894,-1.526453,0.570558,-0.315303,-1.085418,-0.710253,0.949347,1.034981,0.56299,0.690737,0.973884,1.299228,0.006801,0.807915,-1.267032,-0.072432,0.214119,-0.2282,0.187673,1.644342,-0.634938,0.513359,1.13406,0.38178,-1.09437,-0.805933,-0.45606,-0.368346,1.50097
interpolation,-0.23647,0.075832,0.944583,-0.160587,-0.309057,-0.402589,-0.815807,0.551952,0.762872,-0.424204,0.125155,-1.425819,0.828982,-0.424414,0.591347,0.963738,-0.883538,-0.121864,0.626815,-0.65193,-0.428247,0.611187,-0.333323,0.064636,0.134044,0.797429,-0.407461,2.113171,0.074636,-0.239124,1.425831
singulier,-0.755103,0.229654,1.17119,-0.625595,-0.556914,0.463133,-1.152162,0.247197,0.30913,-0.043422,-0.484385,-0.147972,0.651534,-0.636331,-0.26551,-0.238854,0.307573,0.264693,-0.191012,-1.032202,0.596373,0.00162,-0.807696,-0.019135,-0.99862,-0.987192,-1.179504,-0.278147,0.743261,0.338572,0.500107
mesurable,-0.280837,-0.197796,0.521829,-0.279159,-0.199889,-0.36203,-1.739142,0.599656,0.40735,-0.553095,0.93266,-0.32769,-0.648467,0.395545,0.239249,-0.135684,-1.459596,1.160636,1.331519,-1.947272,-0.138177,0.400011,-0.502067,1.698299,-0.210005,-0.439612,-1.581809,0.054044,0.090304,-0.252099,0.399019
imaginaire,-0.006959,-0.368648,0.62809,-0.344605,-1.456578,0.505263,-0.381282,-0.089145,-0.533438,0.352249,-0.175773,-0.215343,-0.104486,0.494389,-0.821901,-0.104172,0.838701,0.697489,0.333006,-0.370983,0.260802,0.270123,0.714407,-0.868116,-1.339914,-0.797563,-0.388655,0.0875,1.280978,0.223459,-0.006685
polytope,-0.030117,0.644699,-1.323121,-0.467119,0.291676,-0.56039,-0.075349,-0.196839,0.71512,0.12011,1.390843,-1.34795,0.717845,-0.231142,-0.448656,1.408028,-1.961816,-0.002188,1.306524,-2.07232,-0.125844,0.331504,-0.536684,-0.041864,-0.716803,2.514701,-0.029808,0.151324,0.285812,-0.743697,-0.755263
gradient,-0.773646,-0.373554,0.130838,-0.04992,0.447683,-1.433788,-1.481016,0.465681,0.849602,-1.354549,-0.421319,-1.405206,0.395996,0.12581,-0.11566,-0.551443,-1.482296,1.427401,0.570018,-0.720431,-0.650039,1.331537,1.083227,0.649753,0.51317,-0.841245,-0.590656,0.00074,-0.088575,-0.210438,1.061474
hamiltonien,0.209595,-0.769488,-0.078445,-0.639779,-0.556403,-0.538048,-0.973691,-1.602651,0.081331,-0.917104,0.730535,-1.23075,-0.392639,-0.119755,-0.518481,0.443395,-1.23557,0.039383,0.55378,-1.268534,-0.121781,1.542944,-0.100164,0.546173,0.192412,0.601465,-1.873511,-0.276725,0.194211,0.409482,1.915827
restreindre,0.593929,-0.361436,-0.024546,0.126569,0.087689,-0.7209,-0.820579,-0.510887,0.299528,-0.26689,0.258995,-0.535748,-0.18509,-0.31995,-0.30344,-0.089616,0.136317,0.025745,0.348682,-1.270428,0.082397,0.011957,-0.376984,0.31541,0.008991,-1.719702,-0.769099,-0.272314,-0.373448,0.101918,0.332214
divisible,-0.473609,0.919083,-0.450743,0.010057,-0.351211,-0.705059,-1.470557,0.099559,0.746901,0.732116,1.238992,-0.754268,-0.08814,-0.849559,0.051841,1.868523,-1.585559,-0.2363,0.49052,-1.165585,1.164431,0.838428,-0.820393,0.396319,0.774388,1.124128,-1.23664,0.016723,0.288546,1.297441,-0.076806
isométrie,0.170858,0.225035,-0.77755,-0.993496,-0.459619,-1.278557,-0.97216,-0.003115,1.445878,1.180202,0.169921,-0.758926,0.788424,-0.86138,-0.099457,1.661974,-1.127209,-0.291492,0.839519,-0.860917,-0.384784,0.69941,-0.999068,-0.68957,0.077084,1.406891,-0.77251,0.251148,-0.273812,0.907064,1.459563
Ramanujan,-1.157104,-0.63853,-1.241449,-0.453964,-0.779624,-0.168069,0.727042,0.49996,1.317068,0.159159,0.570929,-0.922146,-0.177658,0.5291,0.179488,1.433147,-1.514168,-0.290063,-0.118972,-1.37483,0.110811,0.847218,-0.670431,-1.075885,-0.834671,2.689893,0.390167,0.309227,-0.268175,-0.818754,0.724593
stabilité,0.4127,-0.602496,-0.508085,-0.79618,-0.166834,-1.021935,-1.640807,-0.135981,0.832079,-0.229058,-0.989432,-0.028574,-0.188024,-0.245263,-0.389643,-0.86006,-1.049902,0.824553,0.377526,-0.238283,-0.582538,0.406842,-0.075937,1.326248,0.129706,-1.560007,-0.240109,0.067148,-0.812049,-0.297977,0.600576
irrationnel,-0.144779,-0.269358,0.715255,-1.168493,-2.047221,0.18115,-0.808061,-0.089551,0.995372,0.806265,-0.020414,-0.940257,0.334622,0.535063,0.29045,0.900883,-0.286323,0.984662,0.673378,-1.409342,-0.287895,0.053107,0.007237,0.090347,-0.648256,0.057801,-1.349057,-0.308286,-0.228228,0.152047,0.367495
intégrable,-0.450521,0.429838,-0.105854,-0.619629,0.145341,-1.245252,-1.191573,-0.040138,-0.232147,0.838056,0.803284,-0.454369,0.236334,1.007023,0.009329,0.671936,-1.460035,-0.12586,1.139202,-1.844992,0.269675,0.215352,-0.926399,0.127657,0.178721,1.015695,-1.324165,-0.731263,0.126547,-0.05363,1.489035
symplectique,-0.813417,0.655078,-1.967172,-0.653554,-0.417565,-0.682964,-0.890454,0.003963,0.726201,0.095754,0.292109,-1.603775,0.39459,-0.095834,-0.824057,0.390939,-1.284301,-0.202382,0.840231,-1.143069,-0.293346,1.372729,-1.058813,-0.720994,-1.066549,0.993956,-1.872648,-0.990095,0.261133,0.422593,2.009154
binomial,-0.534253,-0.604296,-0.556061,0.211316,0.138285,-1.302812,-1.024413,-0.095974,0.550545,0.619432,1.150347,-1.117959,-0.785877,-0.577357,0.966035,0.169079,-0.138936,-1.532923,-0.930331,-1.240997,0.080669,0.379185,-0.75199,0.617007,-0.799989,1.005832,-1.430661,-0.471924,-0.33519,-0.382826,2.46644
factorielle,-0.804611,0.822435,0.279871,-0.884261,0.186382,-0.424583,-1.105438,0.058426,0.987787,-0.334233,1.292114,-0.917329,-0.232712,0.220208,0.634765,1.675418,-1.246546,-0.168713,0.345025,-1.17214,0.59028,1.114523,-0.972609,1.99811,-0.040954,1.29682,-1.338604,0.148455,1.123333,0.061845,1.128885
planaire,-0.712276,0.254175,-0.737224,-0.887724,-0.376827,-1.497929,-1.122204,-0.171087,0.691324,0.582835,0.677209,-1.975146,-0.249604,0.847877,-0.326503,0.405986,-0.694186,0.115236,1.034624,-0.75015,0.319044,1.106288,-0.408465,-0.435533,-0.574065,1.3412,-0.808911,-0.711658,-0.356981,0.49928,0.84677
homologie,-0.27383,0.259392,-0.080134,-0.36588,-0.843283,-1.048487,-1.431821,0.70489,0.414246,-0.943705,0.195367,-1.844067,0.489411,1.726285,0.951975,0.61021,-1.138152,-0.329137,0.580648,-0.469401,-0.007039,0.265701,-0.232941,0.641913,-1.023529,0.429701,-0.696514,0.401314,-0.194918,0.493323,0.962129
largeur,-1.38386,1.213112,-0.036329,0.634954,0.44579,-1.3997,-1.877094,0.352659,-0.777047,-0.272452,-0.227454,-0.159066,0.527441,-1.197317,-0.623964,-1.051788,-0.255398,-1.067251,1.461979,-1.049,-0.576621,0.894793,0.542613,0.792314,1.028958,-1.493387,0.565898,0.393873,-0.029641,-0.727345,-0.760793
compas,-0.594726,-0.244598,0.173519,0.255389,0.196631,-0.683757,-0.18119,-0.463596,0.883572,0.385741,0.591021,-0.168166,-0.070784,0.7444,-0.830409,-0.080177,-0.013184,0.218524,1.496437,-0.846375,-0.191749,1.387577,0.309767,-0.258903,-0.359885,0.605448,0.23537,0.282628,0.29558,-0.407968,1.035277
foncteur,-1.180343,0.760633,-0.955388,-1.912006,-1.000592,-0.479038,-0.22493,1.000827,0.284061,0.093872,0.294005,0.210117,-0.390757,0.486294,0.324732,1.834664,-0.960074,0.344621,-0.270625,-0.988477,0.36705,0.348984,-2.550114,-0.119148,0.584517,1.473612,-0.212123,-0.393984,0.846198,0.287359,0.763874
Taylor,0.314268,-0.694064,0.319316,0.284374,0.136021,1.369985,0.629337,0.638735,0.123692,-0.512073,0.445582,-0.252271,-0.551427,0.389467,0.552189,0.408524,0.108389,-1.254201,-0.218749,1.699196,-1.16227,-0.043497,0.878004,0.096982,0.030065,-0.007158,-1.324316,-0.301083,0.072433,-0.781885,-0.415982
factorisation,-1.287031,-0.778891,-0.350917,0.214174,-1.020581,-1.141886,-1.048619,0.182751,1.522108,0.911712,0.37661,-1.135781,-0.622965,-0.197614,0.650197,1.292258,-1.082758,-0.021346,-0.008455,-1.245288,0.529223,0.481602,-0.215402,0.37232,0.225617,1.11561,-0.657573,0.530164,0.572257,-0.920763,1.347633
Euclide,-0.851959,-0.507974,0.521355,0.19048,-0.578957,-1.204479,-0.68522,0.063588,-0.568874,0.034087,-0.803909,-0.611604,1.059735,0.46356,-0.249351,-0.164875,-1.194245,-0.906902,-0.427678,-0.80605,-0.309476,-0.845073,-0.927259,-0.77937,-0.157868,1.677046,-0.630386,0.28905,-0.072882,-0.862896,1.02648
perpendiculaire,-0.919216,0.308263,0.738081,-0.284866,0.12672,-0.827692,-2.018671,-0.186369,-0.632024,0.038929,-0.41033,-0.996104,1.217731,0.22331,-1.019702,-0.813345,-0.614534,-0.116564,1.462221,-0.427732,-0.906876,1.043532,0.562292,0.080311,1.035738,-0.698015,-0.012663,-0.244479,0.834108,0.065734,0.397854
croissant,-0.019568,-0.709383,-0.392472,-0.14318,-0.371134,-0.575824,-0.69607,0.13274,0.588229,0.010398,-1.019743,-0.046057,-0.134395,-0.054559,0.103448,-0.037677,0.131849,0.989746,1.031358,-0.825576,0.243659,0.2263,0.161394,-0.262257,0.24171,-1.4543,0.238803,0.036289,-0.298097,0.197535,0.125483
corde,-0.893506,1.178184,-0.196833,0.58011,0.368351,1.564055,-0.206262,-0.468806,0.204374,-0.121409,-0.037459,-0.351504,1.429877,-1.434927,-0.686796,-1.254292,-1.156733,-0.479363,0.233956,0.582273,-0.509223,0.965505,0.648144,0.002904,-0.164409,-0.340049,-0.82628,-0.008527,0.37863,-0.669009,0.112071
abscisse,-0.886158,-0.081097,1.015263,-0.0584,0.197098,-1.083513,-1.97823,0.097682,0.878779,-0.06351,-0.930697,-0.590165,1.075842,0.170742,-0.856712,0.771632,-0.557867,-0.744426,0.937682,-1.111455,0.05509,0.910551,-0.13109,1.565513,0.889821,0.965114,0.217339,0.760136,0.506234,-0.254261,0.247612
cyclique,-0.041469,0.548392,-0.247542,-0.487861,-0.683081,-0.687117,-1.067354,-0.622776,0.594356,-1.016067,-0.422973,-1.091761,0.485931,-0.962243,-0.030252,0.232469,-2.214376,0.607884,-0.056779,-0.551646,0.045164,0.969349,-0.13296,-0.157726,-0.399092,-0.383682,-1.128712,0.473984,-0.285033,0.294253,1.478703
Lie,-0.149357,0.622907,0.871451,-1.143547,0.534137,0.125459,-0.13912,0.816083,0.94782,-0.243433,-0.339798,-0.170912,-0.285004,-0.159858,1.120345,1.2335,-0.187711,0.601167,0.549293,0.643415,-0.217156,0.934619,0.461618,0.127349,0.102935,0.896688,-1.072981,0.018617,0.555151,-0.061578,0.78155
interaction,0.456565,0.357903,0.29913,0.296224,-0.18352,-0.664027,-1.218083,0.01355,0.83211,-0.59386,0.289083,-1.735506,-0.38626,1.575901,-0.517458,-0.52012,-1.043813,1.488434,-0.09839,-0.055811,0.079217,0.808302,0.40487,0.856091,-0.671306,-1.678367,-1.057164,-0.095714,0.332109,-0.037899,1.102142
Archimède,-1.288695,-0.542183,-0.638096,-0.206515,-0.955082,-0.471208,-0.792992,-0.088311,0.187782,0.351402,-1.226355,-0.497911,0.412007,-0.179292,-0.706638,-0.2662,-1.558922,0.744013,0.058054,-0.908952,-0.493814,0.506303,-0.024152,-0.368263,0.631886,1.014976,-0.340637,0.338791,-0.43991,-0.688786,0.72196
quatrième,0.596912,-0.208236,0.465688,0.105062,0.338277,0.542881,-0.109977,0.07754,-0.041241,0.007963,0.104132,0.510041,-0.480641,-1.476572,-0.083308,-0.114996,-0.539193,-1.139718,-0.040939,0.828267,0.127287,0.222313,0.452755,0.801752,-0.141164,-0.85448,1.088851,-0.330867,0.527791,0.699938,-0.314106
inférence,-0.425551,0.069986,0.732723,-0.495258,-1.582295,-1.516118,-0.662562,-0.267303,0.488804,-0.134546,0.323392,-1.95119,-0.044613,0.726386,0.259487,0.688817,-1.117136,-0.027412,0.36914,-1.430872,-0.395619,-0.674035,-0.574732,1.036249,-0.713528,0.633524,-0.68229,0.078199,0.562526,-0.818971,1.159899
Borel,-0.463157,0.072589,-0.902473,-0.319556,-0.430688,0.668908,0.950015,0.523901,-0.85583,0.51276,-0.73623,-0.630301,-0.027831,-0.53111,-0.075322,0.119819,-0.011829,-0.525847,-0.247345,-1.005742,-0.237968,-0.414752,-0.76737,0.297635,-0.381189,1.41942,-0.166081,-0.006981,0.139934,-0.104103,0.930544
convergent,-0.605539,-0.515803,0.47336,-0.23062,-0.324983,-0.971307,-0.804049,0.1904,-0.096043,-0.080714,0.114261,-0.893152,1.067455,1.259806,-0.430392,-0.169162,-0.454209,0.061337,1.231049,-1.024375,-0.556671,-0.038507,-0.094672,-0.205394,0.249713,-0.660168,0.255872,-0.03763,0.386401,0.470685,0.596709
spectre,-0.44473,0.327802,0.648266,-0.08536,-0.291209,0.343996,-0.913944,0.541424,0.331018,-0.295141,0.687238,-1.276022,-0.672296,1.078109,-0.814859,-0.399664,-1.182054,0.744534,0.218915,0.086115,0.091262,1.616735,0.337202,0.120655,0.211279,-1.283104,-0.332309,0.239384,0.069789,0.247997,0.474099
déduction,0.320888,-0.614457,-0.350807,0.049865,-1.346638,-0.927715,-0.710741,-0.118539,1.241932,0.530957,0.244028,-0.920565,-0.711724,-0.614662,0.654128,1.276434,-0.206558,0.327404,0.73071,-1.549912,-0.381094,-0.643458,-0.155281,1.566633,0.328445,-0.007439,-1.025818,0.968237,0.109719,-1.153371,0.093124
spectral,-1.372956,1.105765,0.829546,0.134258,0.109586,-0.973482,-1.399917,0.852644,0.84587,-0.890619,0.430012,-0.7212,-1.170411,0.63969,-1.269948,-0.300384,-1.497209,0.373293,0.209467,-0.617325,0.996967,2.269875,-0.249903,0.278014,-0.418367,-0.068601,0.043747,0.034068,0.100841,0.152238,0.51653
implication,1.078873,-1.006637,0.552716,-0.442298,-0.693591,0.244032,-0.254604,0.193511,1.107293,-0.056185,-0.159112,-0.103504,0.210669,1.456664,0.384041,0.607704,-0.085544,0.92738,-0.240044,-0.425775,-0.483999,-0.641145,-0.33388,0.36335,-0.170546,-1.470507,0.257047,0.232171,-0.636524,-0.275285,0.249989
décroissant,-0.342169,-0.403251,-0.25064,0.020461,0.549833,-0.764928,-1.929135,0.989363,0.428779,-0.587751,-0.032254,-0.426594,-0.212114,-0.611483,-0.035407,0.57219,-0.610425,-0.185667,0.914635,-1.610469,0.265288,1.207785,0.043878,0.716995,0.057691,-0.41939,0.103729,0.059566,0.172428,0.30334,-0.132186
triplet,-0.301554,0.69067,0.153067,-0.158941,0.622047,-0.539423,-1.866539,-0.165346,0.044506,0.535129,0.455255,-0.969963,0.93256,0.913497,0.44423,0.862845,-0.541944,-1.093113,1.120384,-0.543354,0.62306,1.489851,0.389739,0.473848,0.093756,0.396952,-0.610468,0.31788,0.461566,-0.385547,1.099518
génératrice,-0.43033,0.302273,-0.710547,-0.446923,-1.013001,-1.095373,-0.493142,-1.412957,0.326238,-0.164842,-0.662551,-1.601255,0.106001,-0.020797,-0.339865,0.099921,-1.138061,0.607394,1.31885,-0.298087,0.140875,0.40898,0.058284,0.169576,0.945457,0.473378,-1.453476,-0.17816,-0.932092,0.018412,0.486815
Pythagore,-0.991975,-0.827281,-0.04921,0.720142,-1.697182,-0.641564,-0.950655,-0.558068,0.187635,0.628625,-0.510895,-1.172789,0.113198,-0.120004,-0.149264,0.332355,-0.938741,-0.344823,-0.395145,-0.705902,0.812011,-0.582872,-0.173454,0.222655,-0.413238,1.715035,-0.722452,0.687001,1.017787,-0.209399,0.725517
équivalent,-0.878733,-0.19172,0.020034,1.163294,-0.16088,-0.664688,-0.35763,-0.629146,1.100342,-0.556613,0.275774,0.388551,-0.589855,-0.574714,-0.135673,-0.280393,0.120134,-0.117277,0.116443,-0.421049,0.999685,0.397245,-0.314514,0.362724,-0.126924,-1.06985,-0.455297,0.370534,-0.055723,-0.063899,0.356851
million,0.265881,0.770828,-0.716407,2.121306,-0.909272,-1.342574,0.468187,0.986184,-0.071597,-0.033536,0.486204,1.655966,-0.967892,-0.344183,0.11976,0.901203,-0.207194,0.132041,0.361638,0.216394,0.328419,-0.300587,1.017454,0.141642,1.107368,-1.891423,-0.082161,1.291293,-0.864513,0.434665,-1.525235
singularité,-0.254211,-0.918646,0.323856,-0.793593,-0.892817,-0.230872,-1.540178,0.264136,0.332364,-0.183057,0.11723,-0.647613,0.161802,0.459096,-0.329972,0.39883,-0.176264,0.626849,0.427137,-1.145763,-0.060039,0.360012,-0.289397,0.151262,-0.558774,-0.098971,-0.401439,0.404591,1.120969,0.162776,0.804513
endomorphisme,-0.778705,1.801342,-0.550501,-0.357737,-1.640064,-1.337931,-1.752716,-0.912484,0.291669,0.24947,-0.352314,-0.359069,0.337668,0.960327,-0.180937,1.557012,-1.879954,-0.259727,-0.173508,0.047427,-0.034698,0.995144,-0.839189,0.639606,1.740932,0.725071,-2.155859,-0.30917,-0.441928,-0.100113,0.750759
indépendant,0.764193,-0.658616,-0.397403,0.770316,0.29928,0.397779,0.003053,-0.366447,0.625113,-0.416384,-0.170319,0.17873,0.11927,0.276208,-0.195098,0.163118,0.662384,-0.344645,0.376305,-0.040295,0.292518,0.433867,-0.790514,-0.124458,0.034817,-1.174183,-0.027899,-0.390639,-0.487484,1.30137,0.616522
tore,-1.351983,0.355818,0.520215,-0.411785,1.264262,0.359019,-1.634027,0.614154,0.22387,0.420953,0.097339,0.28763,1.258856,0.471986,0.623031,-0.46303,-1.120898,-0.931209,1.973654,-0.01319,0.049762,0.92164,-0.893676,0.247406,0.611723,0.550459,-0.026708,-0.027947,0.588103,-0.424661,0.969305
significatif,0.494645,-0.606252,-0.052425,0.224284,-0.672324,-0.307069,-0.977331,0.199439,0.364545,-1.198438,-0.29569,-0.176881,-0.241749,-0.415027,0.638265,-0.384948,-0.828072,0.878439,0.577217,-0.600922,0.224339,-0.267074,0.080772,0.683,-0.302811,-1.896639,0.169465,0.870556,-0.471536,0.125197,-0.28873
semblable,-0.383959,0.583075,0.408104,-0.289127,-0.31277,-0.20812,-1.453724,0.031116,0.281504,0.537124,0.148699,-0.813604,0.01641,-0.278469,0.210368,-0.811851,-0.035613,-0.229053,0.704874,0.045465,0.72339,0.579591,-0.075287,-0.42271,-0.40832,-1.827014,-0.230082,-0.083949,-0.309223,-0.207921,0.453532
sinus,-1.146125,0.421862,1.179955,-0.084991,1.684878,-1.153975,-1.573574,0.824968,0.305555,-0.048608,-0.705099,-1.987239,1.220203,0.874362,-0.094687,-0.437923,-1.070699,-0.097255,0.434566,-0.46546,0.322287,0.110903,-0.302684,-0.579574,0.697363,0.644622,1.091318,-0.113577,0.35199,-1.030916,-0.179061
dérivation,-1.181041,0.185972,0.614036,-0.437571,-0.043496,-1.000877,-0.565787,-0.914758,-0.558897,-1.235981,-0.160827,-1.177734,0.983008,-0.735122,0.944425,-0.391151,-0.295474,0.028673,0.410374,-1.049554,-0.940493,0.137754,-0.413843,-0.104624,1.099868,0.088256,-0.773525,0.180583,0.482471,-0.363398,1.941704
tribu,-0.948613,-1.559423,-0.045893,-0.230597,-0.670763,-0.477335,-0.803642,-0.567136,0.324802,-0.196954,0.588188,-0.08724,0.649309,-0.178352,1.057409,-0.29963,0.461431,-0.694285,-1.984999,0.623409,0.858005,-0.069665,0.272935,-1.383351,-0.092466,-0.946281,-0.164944,-0.329326,-0.993255,0.93019,0.013063
uniformément,-1.142865,-0.273649,-0.073352,0.314914,0.90488,-0.404448,-1.421037,1.180527,0.373208,1.430732,0.522499,-0.962199,0.205336,-0.195121,-0.040817,-0.450963,-0.605747,-0.167441,1.241575,-1.624092,0.291981,1.123093,0.199298,-0.683242,0.561341,-1.044021,-0.284171,-0.678788,-0.939557,0.097383,0.572836
Boole,-1.009503,0.085154,0.30528,-1.442436,-0.683242,-0.467593,-0.681075,0.113096,0.941634,-1.063889,-0.293309,-1.698675,-0.750686,0.387318,-0.079101,0.60014,-0.232202,-1.296927,0.881673,-0.952951,-0.682025,1.202074,-2.184832,0.147426,-0.386196,2.2368,0.592663,-1.079283,0.22469,-0.079534,1.019422
lisse,-1.617187,0.843648,-0.452895,0.20512,0.832872,0.118497,-1.501633,1.051599,0.071518,0.644583,-0.440836,-1.424456,0.730495,-0.259398,0.451609,-1.439918,-0.649453,-0.434609,1.347532,-0.438205,0.181355,0.824249,0.182456,-0.362417,0.084733,-0.988853,0.5451,-0.531533,-0.496373,-0.633379,0.164782
booléen,-1.155984,0.458823,0.897229,-0.93385,0.20078,-0.444873,-0.525493,-0.180844,1.366753,-0.016173,0.435656,-0.470291,-0.964854,-0.189876,0.569859,0.90787,0.344151,0.644374,0.443538,-1.768869,0.126872,1.520891,-0.956545,0.820351,0.616642,0.100169,-0.72519,-0.256834,0.454776,-0.689282,1.690403
infinitésimal,-0.116412,0.291555,0.16588,0.015786,-0.700595,-0.539999,-1.164952,-0.694609,0.556121,0.155044,0.440858,-1.660168,0.45515,-0.571834,-0.347605,0.278916,-1.027475,0.600543,1.041417,-1.530231,-0.860039,0.823921,0.447649,0.582243,0.330364,1.039262,-0.564429,0.687873,0.342293,-0.577699,0.228648
cohomologie,0.132524,-0.495567,-1.089063,-0.659664,-0.099711,-0.482462,-0.646447,-0.043759,1.120169,-0.881065,0.551189,-1.279027,0.927664,-0.185414,1.338619,1.436868,-1.78064,0.450122,0.832698,-0.8549,-0.063498,0.585616,-0.834742,-1.259903,-0.394555,2.361689,-0.116647,-0.498602,-0.418768,1.462362,0.471105
Legendre,-0.453046,-0.657907,-1.47114,-0.68626,0.040402,0.298092,0.260372,0.637299,-0.599056,0.37443,-0.342977,-1.313775,-0.134925,0.261397,-0.371678,0.596976,-0.043017,-0.474432,-0.410938,-0.41091,-0.215898,0.368682,-0.019495,0.102809,0.199131,0.939493,0.146357,0.570945,0.849526,-0.511562,0.938304
pondérer,-0.722412,-0.161537,-0.028131,1.122897,0.340006,-0.571149,-0.864679,1.370729,1.126641,-0.200832,0.779497,-0.53811,0.102753,0.340809,-0.226013,0.941465,-0.688959,-0.07636,1.073186,-2.406868,0.006633,0.16103,-0.356318,1.679486,-0.090462,-0.298188,-0.371197,0.635793,0.320397,-0.171149,0.008556
médian,-0.973137,0.616714,0.242146,0.860453,0.847108,-1.017181,-1.605948,1.294029,0.402949,-0.129246,-1.563527,-0.844723,0.613492,-0.008455,0.252475,0.202627,-0.311405,-0.508647,0.882494,-0.695859,0.552491,0.392941,-0.010897,0.509156,0.877669,-1.200993,0.544137,-0.102034,-0.067293,0.376124,-0.262586
multiplicatif,-0.944187,1.078784,-0.11022,-1.289962,0.032923,-0.143781,-1.34108,-1.151762,1.601181,-0.499428,0.303637,-0.079326,1.346438,0.111465,0.466203,0.848622,-1.197842,0.583983,0.433879,-0.754661,1.146216,1.189739,-0.745256,1.451758,-0.165277,0.785782,-0.936747,0.337575,-0.318359,0.405057,0.830985
Peano,0.110815,-0.928659,-0.319833,-0.349353,-0.363799,-0.496615,-0.493656,-1.032884,-0.094625,-0.49997,0.192368,-0.992738,0.376077,-0.712748,-0.874367,0.329408,-1.441015,-0.98262,-0.041994,-2.033239,0.363941,-0.010733,-1.335625,-0.879356,-0.677067,2.128901,-0.906663,0.876254,-1.090523,-1.161399,0.19442
quadrature,0.013443,0.173378,0.239651,-0.474499,0.36142,-0.185581,-0.178322,0.036329,0.687776,0.774997,-0.198307,-0.806854,0.176356,0.48271,-1.237914,0.735817,-0.825496,0.582758,1.35132,-1.644684,0.049525,1.309442,-0.136173,0.16441,-0.054954,1.329698,0.311419,-0.198163,0.399891,0.207772,0.693641
résidu,-1.139112,1.302683,-1.428555,0.165863,-0.003865,-0.866519,-0.379091,-0.171832,0.446744,-0.049793,0.736364,-0.897427,0.63197,-0.084399,1.711311,-0.150378,-1.748212,1.226306,0.004076,-0.056047,0.642249,0.485647,0.375545,0.059152,0.58174,-1.186137,-0.505141,0.659217,-0.183416,-0.349591,1.39856
stationnaire,-0.685745,-0.22509,0.330884,-0.207388,-0.291404,-0.472782,-0.871046,-0.450603,0.486372,-0.429903,0.434955,-1.329925,0.367393,-0.010497,-0.487722,-0.622027,-1.592381,0.896578,0.868448,-1.103818,-0.689498,1.082226,0.118628,0.005767,0.68831,-0.48832,-0.584727,-0.665561,-0.358436,0.249283,0.798811
homotopie,-0.927826,0.147893,-0.836432,-1.202845,-0.445385,-0.920098,-0.338313,0.377456,0.799799,0.452827,0.719663,-1.195752,0.79047,0.592736,0.255407,1.067202,-1.037174,-0.607743,0.862173,-1.111583,-0.289908,0.33786,-1.197591,-0.102916,-0.617012,1.873174,-0.647328,0.294891,-0.178252,0.486911,1.410683
entropie,-0.179806,-0.731085,-0.114082,0.229511,-0.457693,-0.730249,-1.50423,0.145335,1.337687,-0.297778,-0.210204,-1.274172,-0.872094,-0.535852,0.745007,0.595416,-0.951365,1.366299,0.048586,-1.373821,-0.245868,1.604842,1.13047,1.401406,0.634538,0.177821,-1.169516,0.047935,0.707374,-0.009667,1.478788
logarithmique,-0.806919,-0.376684,0.613008,-0.330074,-0.402944,-0.765361,-1.667833,-0.063467,0.875017,-1.156872,0.087975,-0.828633,0.472439,-0.460435,-0.446022,0.48465,-0.885716,-0.180433,1.331606,-2.200969,-0.497066,1.363683,-0.243624,0.41794,-0.357318,0.580332,-0.447103,0.220528,0.325118,-0.676438,0.259309
clique,-1.33133,-1.008024,1.017204,-0.564097,0.502001,-0.122888,0.079246,0.329899,1.494871,0.657486,-0.287099,0.49497,0.541373,0.458852,-0.094807,0.171492,0.307295,0.206211,0.545557,-0.125803,-0.004242,-0.002397,-1.24336,-1.207791,0.863327,0.724781,0.549243,-0.66167,-0.859275,1.046712,0.554214
dualité,-0.100009,-0.605234,0.979963,-0.907573,-0.495176,-0.067037,-1.695378,-0.546307,0.854163,-0.114701,-0.515019,-0.937128,0.219205,0.397631,-0.558011,0.651215,-0.393777,0.850537,0.237497,-1.178615,0.340674,1.167515,-0.237134,0.019041,0.159998,0.037471,-0.82656,-0.289045,1.039483,-0.106639,1.235664
dense,-1.067532,0.482704,-0.794826,0.117829,0.59766,-1.148055,-1.60251,0.947659,-0.38455,-0.446803,0.208977,-0.817214,0.877575,-0.016728,0.611762,-1.07064,-0.620828,1.109347,0.934733,-0.522571,0.275567,0.477299,0.475324,-0.851306,0.187911,-1.640862,-0.518855,-0.494007,0.133167,0.848636,0.00577
monoïde,-1.054539,1.675764,-0.810926,-1.418265,0.38839,-1.30725,-0.974424,-0.69185,1.033987,0.756852,-0.861454,-0.018936,1.181804,-0.434929,-0.097188,0.439943,-2.177917,0.298515,0.246848,0.029828,0.720559,0.913982,-0.909367,0.002895,-0.259459,0.932917,-1.060269,-0.995202,0.021147,-0.092618,1.608703
orbite,0.319979,-0.429831,1.126307,-0.186232,0.227879,-1.659747,-2.118985,0.512339,-1.031841,-1.24143,1.044558,0.093102,-1.039087,1.358679,-1.701683,-0.952951,-3.139064,-0.851025,0.065335,0.930661,-0.851925,1.068584,-0.348843,-0.281685,0.995203,-1.041621,0.319576,0.210211,-0.041029,-1.096815,-0.271815
axiomatique,0.218946,-0.291999,-0.117502,-1.127015,-1.03261,-0.991179,-0.446517,-0.298613,0.93103,0.315662,0.860975,-1.250313,0.505577,-0.218921,-0.66817,0.81547,-0.96361,-0.06532,0.291412,-0.984533,-0.697925,0.3563,-0.224373,-0.015719,-1.483044,1.698949,-0.340935,1.329949,0.507594,-0.651353,1.145007
transitif,-0.727675,1.044128,0.769523,-1.054232,0.310664,-0.363642,0.012103,-0.767145,0.774653,0.209762,-0.366359,-0.99318,1.16909,0.493225,-0.624365,1.685389,-1.044275,-0.30824,-0.080555,-1.44945,1.374202,0.60882,-0.316414,0.252406,0.280139,0.079893,-1.65732,0.157542,-0.645496,-0.114939,1.195948
Abel,-0.093914,-0.188219,-0.598001,-0.621066,0.03824,1.516351,0.717379,0.056197,-1.136587,-0.005029,-0.240971,-0.332076,-0.010049,0.134548,0.10926,-0.081778,0.221239,-0.316662,-0.629362,0.216102,-0.079347,0.111189,-0.021068,-0.570598,-0.056073,0.721567,-0.122513,0.066327,0.096168,-0.589013,0.243813
bilinéaire,0.174267,1.050228,0.436594,-0.657604,-0.080746,-1.09536,-0.839034,-0.061342,0.862703,0.217027,-1.542149,-2.30023,0.711191,0.198343,0.259898,1.440863,-1.111837,-0.41453,0.609771,-0.166461,-0.087192,1.270961,-0.621297,-0.293239,0.503578,0.637647,-0.885762,0.226204,0.014887,-0.32483,2.398097
paramétrer,-0.594753,0.109613,0.61419,-0.125372,0.530434,-1.45989,-0.522056,0.274873,0.737815,-0.717069,0.807749,-1.331431,-0.319138,0.22199,-0.389526,-0.209321,-0.950721,-0.107482,0.632318,-0.959268,-0.188689,0.184869,-0.559771,0.825733,-0.331305,-0.005582,-0.476631,0.462578,0.060617,-0.152256,1.343668
cylindre,-1.230388,1.365199,-0.794936,1.675152,-1.1824,-0.961575,-0.929746,-0.162244,-0.171808,0.93553,-0.852713,-0.164501,-0.527468,-1.311285,-0.527505,-1.33543,-1.414415,-0.989553,1.273795,0.707327,-0.983422,0.852579,-0.172573,0.540609,1.024511,-0.266658,-0.274704,0.178949,-0.62005,0.025188,0.716343
centré,-0.036695,-0.17336,-0.239719,-0.72317,-0.444088,-1.185227,-1.707779,-0.237804,0.575735,-0.31503,-0.531312,-0.595227,0.654979,0.641141,-0.757014,0.552361,-0.026434,-0.31091,1.873815,-0.279583,0.059778,0.9903,-0.62277,-0.991156,-0.41269,-0.063658,-0.163273,0.321959,0.660383,0.399389,0.500092
mille,-1.043844,0.282669,-0.188467,0.615366,-0.877904,-0.359485,0.172889,0.148896,-0.674436,0.452053,0.345115,0.801911,0.032331,-0.885126,-0.681197,-0.09953,0.227904,-0.040757,-0.132432,-0.368941,0.333467,-0.131715,0.832944,-0.457916,0.400562,-1.192883,0.103066,0.806622,-0.193541,0.003662,-1.642998
normer,-0.836191,-0.179826,-0.948319,-0.666279,-0.23656,-0.32484,-0.498988,0.262103,0.182208,0.441396,-0.348809,-0.849605,-0.51906,-0.048045,-0.184254,0.239704,-0.224172,0.172189,-0.017475,-1.372591,-0.046118,0.465267,-0.851088,0.294163,0.133315,1.308983,-0.817415,0.512197,-0.135221,-0.184949,1.42704
inversion,-0.167325,0.236564,1.209634,-0.474431,-0.270016,-0.506906,-1.015749,-0.024477,0.505412,-0.417446,0.002265,-0.874914,0.150637,-0.706402,0.085095,0.022011,-1.272254,0.4678,0.560046,-0.796795,-0.5062,1.0244,0.263437,0.090267,0.120249,-0.50251,-0.265865,-0.057097,0.127287,-0.316184,0.767083
quadrilatère,-0.75171,0.245876,-0.650131,-0.732998,0.485921,-1.380559,-2.18611,-0.352922,-0.288005,0.361575,0.190502,-0.365906,1.6213,0.337093,-0.065411,-0.041615,0.249306,-0.977421,1.764175,-0.153721,-0.202169,0.303551,-0.408367,-0.147311,0.832535,0.422319,0.496126,0.19225,0.598301,0.468876,-0.322722
trigonométrie,-0.533089,-0.792091,-0.544559,0.584258,-0.318141,-0.821041,-1.411088,0.085658,0.797205,0.703047,-0.315603,-1.949857,0.50565,-0.13747,-0.451934,-0.36044,-1.450417,-0.535159,0.46048,-1.407346,-0.993863,0.460134,-1.043113,-0.165008,0.187663,1.527749,0.757219,0.206091,0.44549,-1.284797,1.637126
dénominateur,-1.104138,-0.060778,-0.10565,-0.506775,-0.180236,-0.579843,-0.99772,0.078855,0.986057,-0.001853,0.342396,-0.754458,0.525264,-0.080603,0.123583,1.075267,-0.49335,0.201452,0.761441,-1.535299,0.707809,0.47139,-0.205964,0.63645,-0.071583,0.459209,-1.490453,-0.116968,0.505179,0.931841,0.593794
indépendance,1.243785,-2.11627,-0.098543,-0.181303,-0.07695,-0.02479,-0.36769,-1.420963,0.60391,0.111936,-0.899847,1.093483,0.352034,-0.482691,-0.296551,-0.288742,0.713667,-0.245755,-0.815083,-0.469848,0.324459,0.129147,0.247228,-0.395195,0.252698,-1.231005,0.893638,-0.40634,-1.352623,0.738248,0.200361
Noether,0.8165,0.411259,-0.181255,-1.045991,0.546172,0.42829,-1.065815,-0.588402,0.358303,-0.651063,1.415533,-0.63908,-0.618252,0.379039,-0.007536,1.255051,-0.846045,-0.168814,0.600466,-2.052299,0.062304,1.338573,-1.321809,0.914508,-0.318713,1.531068,-1.299548,0.406592,-0.351644,-1.555248,0.158376
régularité,0.402445,-0.394219,0.235063,-0.801811,-0.182241,-0.444488,-0.976046,0.221964,0.558878,0.017016,0.002208,-0.251571,-0.041575,-1.376655,-0.284905,0.050922,-0.924388,0.081463,1.126498,-1.627656,-0.510183,-0.484782,-0.522014,1.136656,-0.8032,-0.645277,-0.19269,-0.125236,0.372042,-0.327058,0.000294
périmètre,0.089221,0.519288,-0.597078,-1.146408,0.240285,-1.983304,-1.398025,-0.190267,-0.118665,-1.250426,0.609102,0.184803,0.957543,-0.351221,0.088719,0.520185,0.123907,0.158911,0.22791,-0.679049,-0.762789,-0.046069,-0.777432,0.174524,0.717685,-1.71885,0.238368,-0.02811,0.418039,0.602379,-0.128025
parabole,-0.478225,0.246038,0.445472,0.194724,-0.599348,-0.263445,-0.59171,-0.417417,-0.101233,0.985143,0.243883,-0.891016,0.301253,-0.066711,-1.118325,0.646726,-0.425951,-0.22772,0.258756,-1.077095,0.92998,0.551728,0.677911,-0.450665,-0.104091,0.410037,-0.451444,0.903689,0.824055,-0.50139,0.228603
monotone,-0.691163,-0.237546,0.139362,-0.969539,-0.024228,0.230404,-0.956069,0.912201,0.773504,0.210783,0.082376,-0.938273,1.170101,-1.086468,-0.10939,0.182538,-0.749709,0.344692,1.116396,-1.420553,-0.676367,-0.210648,-0.53766,-0.524,-0.187443,0.351936,-1.472391,-0.291307,-0.301625,0.380013,-0.223487
Hausdorff,-0.564809,-0.660262,-1.20521,-1.336332,-0.160887,-0.552877,-0.942159,0.510342,0.665114,0.455464,1.180584,-0.796257,-0.185312,-0.092245,0.264966,0.860239,-1.626986,-1.098974,0.949895,-1.29416,0.120012,0.931377,0.036026,-0.013815,-0.904068,2.303662,-0.717218,-0.034678,-0.826743,-0.843026,-0.177729
plongement,-1.461965,-0.147748,1.02226,-0.439361,-0.50616,-0.902172,-0.361058,-1.648787,1.038257,-1.178124,0.108132,-1.116744,1.454759,-0.140972,-0.007582,0.342761,-0.68929,0.541655,1.192739,-1.543486,0.536406,-0.015675,-0.155356,0.392507,-0.3697,1.825397,-0.912429,0.555252,0.385231,0.189705,0.672756
converger,-0.647937,-0.683238,0.317811,-0.339248,-0.166648,-1.396106,-0.955309,-0.458984,-0.109838,0.145265,0.11907,-0.591621,1.194064,1.023514,-0.493372,-0.081174,-0.7152,0.245732,1.39319,-0.954172,-0.217182,-0.364742,-0.223687,-0.247743,0.56471,-0.024994,-0.055853,-0.240288,0.131115,0.300355,0.434163
pyramide,-0.240095,0.507221,-0.060185,-0.32067,-0.667559,-0.823695,-2.239671,0.582054,-0.244139,-0.081629,-0.271546,0.438146,0.010968,-0.101386,0.672088,0.756853,0.016387,-0.434119,0.185825,0.094394,0.342049,0.516538,-0.77726,-0.533135,0.526212,-0.718417,0.608145,0.712558,1.01516,-0.479854,-0.303123
Grothendieck,-0.569026,-0.639052,-1.059696,-1.311442,-0.700579,0.139337,-0.809983,-0.245981,0.474265,0.041384,0.782078,-0.589282,-0.549978,0.408796,-0.801388,0.614025,-1.571201,-0.671043,-0.301374,-1.31962,0.502832,1.2744,-1.274028,-0.219797,-1.082088,2.468664,-0.25329,-0.671868,-0.191124,-0.071071,0.452069
neutre,-0.546521,-0.316277,0.580247,-0.155324,0.634003,-0.104142,-0.60499,-0.721761,0.688384,0.341702,0.297606,0.402888,0.068441,0.038949,0.302566,-0.576267,-0.921838,0.272971,-0.061928,-0.935719,1.125234,0.554305,0.00697,0.842649,-0.260856,-1.518609,-0.660242,-0.975163,-0.488707,0.302698,1.233767
diverger,-0.038704,-0.827962,0.891533,0.294606,-0.851532,-0.196305,-1.229463,0.652079,0.183483,-0.238258,0.001167,-0.921816,0.504341,0.591356,0.070053,0.102962,-0.625662,-0.397312,0.791516,-1.003446,-0.266852,-0.088375,-0.175182,0.028989,-0.331897,-1.019686,-0.401728,0.487879,-0.302142,0.761451,0.822119
matriciel,-0.233655,0.59093,0.11803,0.477881,-0.707453,-0.42955,-0.797089,-0.134656,0.781036,0.335662,0.16943,-0.929538,-0.285736,0.468364,-0.268679,0.312718,-0.785373,-0.327083,1.458989,-1.22463,-0.174881,1.06211,-1.109169,0.583756,-0.085281,-0.096679,-0.403241,1.090502,0.081501,-0.513048,2.48295
symbolique,0.190378,-0.080506,0.111698,-0.540034,-1.194721,0.144821,-1.473854,-0.577887,0.566511,1.021842,-0.30325,0.099908,0.147778,-0.350426,-0.155149,0.187244,0.456937,0.160669,0.430143,-0.512799,0.808892,0.274905,-0.168415,-0.116298,-0.75031,-1.513275,0.014817,0.537956,0.61332,-0.409897,0.409268
tiers,0.204398,0.151989,-0.725023,0.488147,0.156229,-0.574897,-0.118476,-0.227564,0.020387,-0.047038,-0.395779,-0.608229,0.224881,-0.675442,0.138084,0.178552,0.349577,-0.589651,0.291236,-0.618682,0.7275,-0.237712,0.405413,0.792174,0.430785,-1.838207,0.386338,0.512053,-0.587538,0.366749,-0.119007
quaternion,-1.038079,0.102007,-0.00717,-0.610567,-1.774991,-0.34082,-1.056417,-1.134936,1.972753,0.224605,0.166912,-0.823828,1.13567,0.354839,0.832344,1.830957,-1.073107,-1.046952,0.469288,-0.186263,-0.583664,1.745431,-0.319999,-0.801234,0.553452,0.847982,-0.071084,-0.311905,0.159575,-0.785369,0.720609
inversible,-1.126969,1.418739,0.109481,-0.036977,-0.86062,0.264487,-1.608024,-0.218362,0.223481,0.669301,-0.227977,-0.000756,0.33981,0.575833,0.296963,1.576724,-1.447298,-0.829315,0.850993,-1.137087,1.076509,1.987039,-0.117135,0.473761,0.818109,-0.466065,-1.887112,-0.089115,0.027861,-0.024833,1.541289
transcendant,-0.170498,0.092683,0.592327,-0.912911,-1.155921,-0.02323,-1.983651,-1.031151,1.02108,0.785235,0.289647,-0.264367,0.56113,0.128741,-0.98847,0.625456,-0.622768,0.412913,-0.52468,-0.852011,0.36851,0.598169,-0.880889,0.798029,-0.413821,0.254378,-1.731718,-0.12007,0.596189,-0.080179,0.330479
excentricité,-0.787209,-0.754576,-0.266009,-0.214484,-0.420016,-1.20761,-2.772188,1.292326,-1.083898,-1.667445,-1.315131,0.717766,-0.530914,1.931512,-1.855546,0.592987,-2.174485,-1.209673,0.618475,-0.774042,0.201017,1.303242,0.150813,0.369789,-0.06342,-0.098171,-1.14779,0.58405,0.110277,-1.703746,-0.698189
Jacobi,0.077186,-0.372957,0.078449,-0.119356,0.147533,0.230848,-0.115135,-0.275796,-0.97416,-0.03302,0.644405,-0.83494,0.325842,1.000118,0.149615,0.173792,-0.780567,-0.750877,-0.621828,-0.624623,-0.131031,0.257614,0.307082,0.239141,-0.591354,1.968806,-1.307929,0.152916,-0.089422,-0.677761,0.8953
divergence,0.824667,-1.010688,0.597137,-0.391415,-0.540037,-0.011763,-0.968058,0.452967,0.42146,-0.524173,-0.478451,-0.538716,0.84132,0.63499,0.400659,0.355762,-1.020334,0.297664,0.121606,-0.380769,-0.539053,0.07006,-0.008706,0.209198,-0.25278,-0.897158,-0.101214,0.317169,-0.474792,0.839503,0.973928
projeter,0.175258,0.002589,0.40265,-0.351631,-0.0887,0.0071,-0.284242,-0.355965,-0.451114,0.802733,0.286325,-0.115905,-0.041196,0.174176,-0.835795,-0.57763,-0.697079,0.404559,1.202017,0.352411,-0.024908,0.342686,0.10183,-0.686373,0.752493,-1.333348,0.390637,0.279543,0.030888,-0.100265,0.011197
tétraèdre,-1.480698,0.62849,0.038529,-0.405345,0.6594,-0.41699,-0.953168,-0.223515,1.014136,-0.284036,0.825675,-0.818529,2.171189,0.232151,-0.051238,1.039442,-1.718075,-0.495464,0.57713,-0.000848,0.174515,0.968353,-0.457507,-0.643933,1.139388,0.13215,-0.728597,0.281641,1.45452,0.521073,1.434912
Kolmogorov,-1.144923,-1.551049,-0.252071,-1.124334,-0.633096,-0.631271,-1.344035,-0.338348,0.837351,-0.454742,0.383641,-0.51687,0.051364,0.175322,0.244575,0.210238,-0.69112,-0.447649,0.769435,-1.285867,-0.911481,0.576113,-0.63233,0.042842,-0.337528,2.090959,0.0782,0.688489,0.325964,-2.160089,0.23833
Hamilton,0.383032,-1.056784,0.244056,0.244805,0.089684,0.647903,0.34111,-0.064047,-0.517165,-0.28992,0.157771,-0.24485,-0.632332,-0.351625,0.417634,0.018184,-0.388165,-1.851256,0.386519,0.716331,-1.218611,0.016334,1.309595,1.302566,0.429891,0.433967,-0.188643,-0.697951,-0.004994,-0.420839,-0.75838
hexagonal,-0.279001,0.991692,-0.770583,-0.178264,0.485247,-0.351013,-1.803787,0.116607,0.541934,0.567964,0.012705,-0.073254,0.699913,-0.227182,0.549873,0.241662,-0.882951,-0.662219,1.892776,0.18761,0.488042,1.377571,-0.621552,0.181325,-0.028691,-0.235503,0.581173,0.18399,1.049473,0.441066,1.4521
séparation,0.979044,-0.304356,0.378938,-0.138775,0.231284,0.06411,-0.733326,-0.666293,0.207847,-0.454722,-0.503664,-0.47446,0.085389,-0.575182,0.257768,0.043095,-0.697786,0.507774,0.023852,0.281612,-0.047074,0.654278,0.210566,0.19839,0.810676,-1.269577,-0.562167,0.072371,-0.136595,0.416371,0.976995
douze,-0.037828,0.277903,-0.117869,0.410151,0.092523,0.268802,-0.316664,-0.37765,-0.212138,0.268473,0.587909,0.055114,0.211109,-1.513711,-0.241969,0.048368,-0.261991,-0.998238,-0.140926,0.255662,0.988875,-0.141483,-0.071612,0.049782,0.154478,-1.452255,0.707719,0.23209,0.5587,0.460601,-0.776978
cosinus,-0.97078,-1.575613,-0.154423,0.160127,0.130915,-0.444531,-1.26243,0.720717,1.155173,0.378708,-0.78013,-2.605218,0.224635,0.167541,-0.651443,0.508111,-0.142849,-0.695754,0.911594,-1.425076,0.039886,0.289389,-0.588041,0.277434,0.258597,1.440159,0.436493,0.268277,0.417748,-0.39174,0.340776
terminal,0.25333,1.091225,0.565878,1.284783,0.822632,-1.922281,-0.049408,-0.1276,0.10117,-0.040013,0.239548,-1.310222,-0.186755,0.177316,-0.295168,-0.55902,-0.446523,0.100429,0.806459,0.377053,-0.627288,-0.187589,0.059105,-0.454242,1.053375,-0.637069,-0.083436,-0.664715,0.047438,-0.168982,0.568541
tensoriel,-0.371505,-0.024753,-0.910515,-0.840567,0.058393,-1.421654,-1.473597,0.459834,1.734802,0.308594,-0.440054,-1.175558,-0.778503,-0.760114,-0.169696,0.92721,-0.034082,-0.157227,0.827263,-0.663237,-0.069255,0.966868,-1.167696,0.443267,0.259858,0.809778,-0.917815,0.729363,0.534449,-0.91116,1.606171
treillis,-1.432031,0.687587,-0.774448,-0.179445,0.108409,-0.501129,-1.156807,-0.794739,0.609846,0.660544,0.410014,-0.41212,0.698927,0.09248,0.469133,-0.582723,0.255254,-0.91494,1.849433,-0.529478,-1.544933,1.271761,-0.746536,-0.081842,0.856875,0.342059,-0.049619,-0.646323,-0.160256,-1.332914,1.282716
cinquième,0.615143,-0.100178,0.255417,0.008607,0.382207,0.480283,-0.119362,0.24198,-0.035526,-0.209974,0.31601,0.606384,-0.407581,-1.512244,-0.071117,0.169753,-0.515703,-1.066618,-0.071233,0.628875,0.083778,0.372482,0.505537,0.728446,-0.075247,-0.912811,1.243191,-0.348915,0.584253,0.84154,-0.383345
profondeur,-0.93315,0.071728,-0.067755,0.182002,-0.607872,-0.642176,-1.357867,0.213778,-0.468197,-0.25135,0.705701,-0.376118,0.650755,-0.471161,-0.109381,-1.287513,-0.887781,0.530285,0.486891,-0.584531,-0.81655,0.240085,0.635542,0.040642,0.293602,-1.97787,0.232774,0.307439,0.160466,-0.545943,-0.712713
dodécaèdre,-1.553144,-0.568894,-0.627213,-0.480464,0.246495,-1.201418,-0.2099,0.02024,1.597091,0.410304,0.346086,-1.171746,1.59752,-0.320498,0.321965,1.199746,-1.788231,-0.321612,1.499311,-1.133551,0.521543,-0.379398,-0.327798,-0.759196,-0.214148,1.696464,0.911675,0.334877,1.108435,-0.152732,0.320935
Hadamard,-0.648043,0.051781,-1.801003,-0.262227,-0.757329,-0.416877,-0.290085,-0.825205,-0.122018,1.206307,-0.333657,-1.839921,-0.681809,0.095709,0.462473,0.863818,-0.397474,-0.834919,0.859078,-1.158741,0.849241,0.881545,-0.645608,-0.094154,0.265252,1.871346,0.172667,0.916945,0.193744,-1.495158,1.871732
Nash,0.129281,-0.544733,-0.151629,-0.092013,0.017509,0.712502,0.566787,0.025227,0.446755,-0.282944,0.511441,-0.409862,-0.346329,0.32552,0.727953,0.481135,-0.49392,-0.988987,0.841695,1.169914,-0.988537,0.082602,0.746863,0.283482,0.096461,0.804381,-1.09124,0.301336,-0.186382,-0.509119,0.129335
Cartan,0.074219,-0.61989,-0.128938,-0.559574,-0.665312,0.76103,-0.618671,-0.05398,0.243527,-0.111244,-0.408994,-1.937583,-0.366074,0.277122,0.599315,1.356176,-1.604548,0.348297,-0.18849,-0.995164,0.953053,1.134881,-0.887674,-0.532186,0.675133,2.113892,0.083189,0.771983,0.511038,-0.101527,1.44997
adhérence,-0.925604,0.94431,-0.331911,-0.839969,-0.309309,-0.699707,-0.468142,0.015294,0.272474,0.067425,-0.906244,-0.762837,0.136296,-0.79169,0.341388,-0.873907,-1.586659,1.092183,1.291007,-1.183046,-1.057569,-0.547639,-0.441403,1.329836,0.388312,-0.238288,-0.568273,-0.998993,-0.88064,-0.841414,0.26234
hyperbole,-0.685266,-0.382268,0.586422,0.12252,-0.502099,-0.855867,-1.166846,0.031444,0.07602,0.82935,-0.658272,-1.333316,0.6721,0.53245,-0.479747,0.4314,-0.593324,-0.270123,1.771852,-2.153035,0.202505,0.26313,0.126284,-0.216849,-0.398678,1.346408,-0.683143,0.27246,0.038452,-0.420953,0.900505
convolution,-0.074606,0.065193,-0.850304,-0.455586,0.786705,-0.690173,0.204577,-0.734285,1.60713,0.357339,0.443985,-2.242111,-0.286978,-0.081597,-0.254567,0.79284,-0.840366,0.108448,1.705068,-0.754473,0.111936,0.890528,-0.241357,0.356145,0.07673,0.809122,-0.27924,0.932249,-0.203396,-1.334343,1.589324
covariance,-0.465766,-0.957024,-0.664623,-0.649093,0.029548,-1.199408,-1.080891,0.259971,1.003068,0.180532,-0.070134,-1.704277,-0.379419,1.021839,0.976346,1.067872,-0.625222,0.017815,0.357765,-1.372909,-0.192678,1.103769,0.728276,1.48757,-0.215671,1.041681,-0.038053,0.322876,-0.300202,-0.758164,1.613222
soustraction,0.100887,0.21307,0.026062,-0.456414,-0.795781,-0.670638,-0.419165,-0.65681,1.248722,0.661623,0.024836,-1.01521,0.543167,-0.204672,0.76134,1.262211,-0.860519,-0.020988,0.709454,-1.387237,-0.101515,0.437729,-0.045309,0.909927,0.224539,0.736025,0.253562,0.953339,-0.382877,-0.598103,1.326251
constructible,-0.486761,0.489828,-1.287093,-1.015451,-0.103473,-2.033454,-1.38906,-0.061932,0.173188,0.374658,1.24888,-0.022061,0.502291,0.037194,1.063029,0.896964,-0.584822,0.071368,1.118408,-1.164174,-0.093298,-0.429336,-0.267409,0.70386,0.461982,0.420976,-1.354384,0.218887,-0.044927,0.105307,-0.079
décimale,-0.110427,-0.691368,0.865192,0.576294,0.18177,-0.264512,-2.020834,1.322606,0.742544,-1.157663,0.080951,-0.474711,0.32909,-1.572954,0.594764,1.166114,-1.008653,-1.103927,1.055847,-2.242355,-0.730888,0.497248,-1.206144,0.992335,0.278369,1.371864,-0.185309,0.387608,0.183707,0.977654,0.002989
congruence,-0.60652,-0.201655,0.147789,-0.052443,-0.28347,-1.096097,-1.733427,0.62333,1.534298,0.273293,-0.240749,-1.466164,0.603719,0.544572,0.0926,1.288587,-0.959093,0.180336,0.316106,-0.758414,-0.330442,0.514496,0.326071,1.222607,0.534002,1.406334,-1.507923,-0.082075,0.012536,0.546136,0.042621
séparable,-1.072131,0.933438,0.454862,-0.496029,-0.506022,-0.815009,-2.323515,-0.477766,0.43006,0.586069,0.290036,-0.517853,0.091977,-1.06349,0.979892,0.872207,-1.357913,-0.230218,0.221747,-0.691899,-0.036002,1.107641,-0.938597,0.506807,1.291742,1.209055,-1.769122,-1.317791,0.722554,-0.009849,0.787637
prolongement,0.91723,0.376713,0.332445,-0.223824,0.04539,-1.408549,-0.960021,-0.212922,-1.635697,-0.196512,-0.267664,-0.530303,0.460578,-0.377703,-0.31987,-0.209352,-0.216994,0.017838,0.874931,-0.617881,-1.168077,-0.182193,0.048862,-0.214186,1.287463,-0.454265,0.56566,-0.188546,0.957918,0.658732,0.576071
induction,0.383152,0.577198,0.328795,0.195125,-0.448132,-0.500897,-0.702413,-0.753261,0.781685,0.095696,0.060108,-2.196644,-0.238104,0.243476,0.148024,-0.025648,-1.22621,1.155835,0.747114,-0.157817,-0.683726,0.886223,0.391817,0.358396,0.429384,0.53417,-0.607221,0.22748,-0.216194,-0.824082,1.135134
Schwartz,0.433405,-0.366697,-0.869358,-0.01206,0.034791,1.067546,0.250491,0.806797,-0.479352,0.139645,0.387614,-0.217671,-0.018866,0.845038,0.253505,0.50277,-0.258182,-0.518502,-0.934073,0.769836,-0.869754,0.281152,-0.023155,-0.535905,-0.134896,0.757561,-0.778854,0.020241,0.291082,-0.84963,0.474847
cryptographie,-0.54556,-0.059401,0.621894,0.094933,-0.725384,-0.893069,-0.285535,-0.807446,0.960992,0.292445,0.346428,-0.747277,-0.2742,1.580366,-0.0713,0.015393,0.244444,-0.158519,1.623137,-1.411149,-0.814864,0.296244,-1.161657,0.715077,0.213425,0.373745,0.030599,0.554307,0.429859,-1.702462,2.292674
similitude,-0.002096,-0.265803,1.040114,-0.504705,-0.824005,0.11034,-1.469086,0.266792,0.01702,-0.638472,0.100202,-0.786214,0.239618,0.291767,0.634228,-0.171524,-0.139319,-0.280973,0.718275,-0.319249,0.484151,-0.115293,-0.472616,-0.092464,-1.062194,-1.043706,-0.639268,0.852561,0.085329,-0.283483,0.733398
Minkowski,0.016401,-0.173647,-0.958324,-0.322266,0.135459,0.149133,-0.582222,0.236219,-0.64961,-0.17025,0.489649,-1.072896,-0.121502,0.384317,-1.256111,-0.027102,-1.066598,-0.123812,-0.093201,-0.747006,-0.247372,0.722724,-0.700859,0.156786,-0.426627,1.526226,-1.404458,0.680728,0.45981,-0.193624,1.054871
ZFC,-0.169946,0.843278,0.01492,0.210175,0.008842,0.051734,-0.314004,0.492399,-0.309669,1.736775,0.740809,-0.174473,1.81317,1.572103,0.146711,0.407649,-1.633919,1.447071,0.300969,-1.66156,-0.617752,-0.252425,-0.381867,0.250004,0.054395,2.246411,-0.552421,-0.741674,0.121936,0.149459,1.167291
Catalan,-0.021425,-0.159136,0.385076,0.177973,0.315023,0.041443,0.706527,-0.293807,-0.256302,-0.908391,-1.747351,0.462724,0.996052,-0.430554,0.219005,-0.621988,0.629389,-0.439523,0.19482,-0.587816,0.87861,-0.683411,-0.687769,-0.955986,-1.411789,-0.24227,0.932663,-0.577563,-0.370448,0.64759,1.024864
hyperplan,-0.56684,0.412135,-0.338586,-1.19296,-0.647206,-2.013292,-1.422386,-0.010607,-0.146176,0.965697,-0.053831,-0.674548,0.241112,-0.403065,-0.905876,0.913528,-1.50136,-0.752763,0.342205,-0.623311,-0.626291,0.453299,-0.999208,-1.174479,0.325341,1.561487,-1.535729,-0.626354,0.301044,0.461659,1.531073
radical,0.519575,-0.308025,-0.52897,0.380103,-0.510792,1.377216,-0.325426,0.244368,0.313931,-0.1941,-1.33818,-0.528584,1.475062,0.584283,0.489536,0.471842,0.164416,-0.134243,-0.25848,-0.513503,-0.293757,0.723276,-0.127455,0.422823,-0.047124,-1.253493,0.201413,-0.908591,-0.946822,1.850409,1.246946
intuitionniste,0.034822,-0.807814,-1.061314,-0.363771,-0.98635,-0.813644,0.083621,-0.04999,0.893489,0.163447,-0.634796,-1.328655,0.560548,1.362789,-0.084651,1.365932,-0.697575,-0.051,0.267591,-2.057445,-0.442718,-0.889254,-0.994646,1.072985,-0.852811,1.852712,0.069038,-0.160528,0.030909,-0.333858,1.190552
singleton,-0.358064,0.271779,0.341774,-0.405866,0.147893,0.386026,-0.006667,0.299073,0.910576,0.059655,0.391385,-1.048214,-0.692825,0.577659,0.62051,1.203129,-0.212449,-0.70836,0.427486,0.19938,-0.258036,0.478786,-0.206855,0.618672,0.331744,1.076129,-0.635322,0.400522,0.549196,-1.397784,0.419903
biparti,0.192578,0.762614,-0.820674,-1.014998,0.137815,-1.424179,-0.308545,0.029233,0.784344,0.544751,0.951507,-0.852108,0.950857,0.759495,-0.826192,1.333002,-1.147838,-0.396096,1.275695,-1.555494,0.026837,-0.042753,-1.282119,-0.940864,-0.58282,0.879945,-0.422729,0.618407,-0.483507,0.160013,0.830378
Bell,-0.073358,-0.186961,0.039345,0.86802,-0.152725,0.125937,0.667161,0.149243,0.10635,-0.518184,0.495205,-0.574363,-0.717467,0.47291,-0.379468,0.284153,0.232834,-1.112017,-0.089546,1.146269,-1.185054,0.237634,0.540239,0.169595,0.549549,0.30511,-0.968567,-0.040262,-0.166536,-0.038665,-0.034648
pentagone,-0.456109,0.100255,-0.040884,-0.255639,0.119895,-0.617343,-0.085445,0.153325,0.29398,1.041346,0.969271,-0.029664,0.994954,1.372822,-0.061416,1.033137,0.090383,-0.37456,0.865674,-0.732828,-0.838875,0.179129,-0.50272,-0.108938,1.187892,0.015838,0.909504,0.198724,0.181873,0.170037,0.456271
homothétie,-0.191204,0.130383,0.205136,-0.401849,-0.637687,-1.203502,-1.445552,0.324846,1.04301,0.132759,-0.337912,-0.260085,0.702889,0.502497,-0.495083,2.015199,-1.393317,-0.732729,1.071499,-1.277202,-0.025013,0.530151,-0.824089,0.537008,0.547343,0.854254,-0.309717,0.858919,0.072608,0.043133,0.263304
sommation,-0.683344,-0.050938,0.677473,-1.459301,-0.304113,0.377869,0.321173,-0.904391,0.760916,0.62683,1.059711,-0.491184,0.657611,-0.095901,-0.464989,0.67909,-0.631711,0.138384,0.362637,-1.766773,-0.6366,0.172041,-0.36551,0.849513,0.962681,0.538458,0.137147,0.225885,-0.240688,-0.336942,0.315001
Knuth,-0.615007,-0.473096,-0.750909,-0.292563,-0.40962,-0.466707,-0.147186,0.604368,0.410855,0.126951,1.293826,-1.136314,-0.450092,0.83785,-0.005829,-0.007017,-0.557436,-0.576299,0.012736,-0.740078,-0.835757,0.39683,-1.081683,-0.065205,-0.582407,2.027464,-1.069853,0.026516,-0.648615,-0.029024,1.343834
Zermelo,0.008921,-0.373487,-0.469665,-0.824453,0.202048,0.352512,-1.080473,0.488019,-0.244512,0.86953,0.890275,-0.817686,1.057441,0.196221,0.319057,0.403959,-2.019863,-0.152413,0.048506,-2.022898,-0.17763,0.242036,-1.073291,0.459358,-0.468106,2.554736,-0.013496,0.669716,-0.145054,-0.551732,0.806821
quantificateur,-0.654335,-0.063015,0.262664,-0.597552,-1.47378,-0.748045,-1.570642,-0.46265,0.792719,0.546745,0.143762,-0.196779,0.328396,-0.645702,-0.710072,0.917756,-1.142174,0.744975,0.370922,-2.453871,0.933934,1.289826,-0.749917,-0.197753,-0.798848,1.674982,-1.386228,0.438895,-0.676984,0.294152,0.387386
pentagonal,-0.357523,0.727177,-0.319027,-1.061307,0.590361,-0.424504,-2.237417,0.112473,0.509532,0.158183,0.453783,-0.758684,1.628073,-0.325823,0.522442,0.092619,-1.32058,-1.105201,1.442477,0.322457,-0.10187,0.85344,-0.609655,0.184861,-0.221021,0.355594,0.910967,0.092725,0.70666,0.33838,0.380063
Cayley,-0.623794,-1.692697,-0.286068,-0.860609,0.316247,-0.163575,-0.877674,-0.579543,0.484474,-0.464568,1.42381,-0.702698,0.250829,0.296023,0.92596,1.047936,-0.420164,-0.857208,0.999076,-0.960576,-0.26117,0.956697,0.063944,-0.174271,0.531819,1.741749,-0.391187,0.514888,0.806761,-0.587656,0.836888
préfixe,-2.021632,0.869806,1.616816,0.191193,-0.011935,-1.022005,-0.201319,-0.577704,1.148067,-0.49401,0.310167,-0.472143,0.285381,-0.595697,0.129036,-0.288449,0.311415,-0.45307,-0.4443,-1.080076,0.470919,0.616018,-0.815936,0.143173,-0.145612,-0.094779,-1.113617,-0.241559,-0.4359,0.236056,1.820369
adjacence,-0.470323,-1.074582,-0.675755,-0.991894,0.644248,-2.169113,-0.546441,0.944935,0.957446,0.040636,-0.182715,-0.86798,-0.08599,0.323158,0.25375,1.080863,-1.510942,0.210079,1.347051,-1.40994,0.382492,0.474976,0.142664,-0.249032,0.418685,1.422655,-0.266954,0.646573,-0.759486,-0.269425,1.202385
calculable,-1.278577,-0.817025,-0.486774,-0.96259,0.040748,-1.151244,-1.060349,0.407755,0.488086,0.520397,0.9002,-0.257537,-0.560599,0.034313,-0.176359,-0.097636,-1.451671,-0.2734,0.296153,-1.895828,0.284258,0.056407,-0.979006,1.334078,-0.520205,1.010108,-1.159913,-0.534749,-0.301693,0.183147,1.503714
chaos,-0.090605,0.115998,0.920642,-1.520015,-0.938647,-0.248909,-0.50162,0.235568,0.762908,0.33315,0.40585,0.11139,0.135084,0.834975,-0.190554,0.101953,-0.528674,1.049494,-0.017696,1.463854,-0.20303,0.62378,0.714148,-0.074115,-0.497841,-0.398118,0.017659,0.081825,0.327242,1.033023,0.170876
trente,0.433793,0.009878,-0.093723,0.180233,-0.111673,0.241496,0.019982,-0.290518,-0.67184,0.050624,0.299103,0.482547,0.212929,-1.41424,0.01411,-0.199866,-0.342423,-0.482813,0.071344,-0.102316,0.731844,-0.580699,0.205342,0.381729,0.019248,-1.039222,0.988807,0.585157,0.02648,0.527015,-1.142597
Dedekind,-0.594163,-0.57074,-0.627264,-1.238658,-0.302093,-0.047739,-1.136644,-1.191156,0.833643,0.577286,0.980267,-0.692291,-0.760805,1.054824,0.130544,1.220215,-0.696801,-0.931582,1.035281,-1.047318,1.262659,1.962229,-0.373469,0.08241,0.085197,1.019723,-0.554389,-0.514255,0.138919,-0.681956,1.197273
heuristique,0.21164,-0.164861,0.304833,-1.194047,-0.811237,-1.21003,-0.51242,0.377572,1.244375,-0.145555,0.403991,-1.028207,0.04328,1.17374,-0.242907,0.782267,-0.96578,0.447,0.397828,-1.679353,-0.681506,-0.428558,-1.250871,0.701266,-1.511674,0.023492,-0.508656,0.140333,0.151942,-0.921099,1.203973
Weyl,-1.283404,-0.347419,-0.654114,-0.727483,-0.440629,0.51049,-0.353794,0.411005,-0.203263,0.126722,0.113551,-0.309263,-0.018394,1.20768,0.079664,0.713117,-0.537082,0.436881,0.392294,-1.141937,0.186662,0.444503,-1.522041,0.497103,0.566924,1.913353,-1.20144,0.558764,0.742458,-0.151853,1.321521
Tchebychev,-0.922721,0.600099,-0.454364,-0.382755,-0.43585,0.15473,0.12384,-0.55497,1.052312,0.402219,0.369151,-1.96263,-0.433365,0.704468,0.166333,0.463634,-1.672874,0.016476,1.09799,-2.290547,0.289181,2.04934,-0.187785,-0.127678,-0.662454,1.804234,0.957056,-0.398464,-1.419901,-1.268659,1.033898
Fréchet,-1.146531,-0.44603,-0.8071,-1.31737,0.116936,-0.123323,-0.500716,0.514876,-0.819315,-0.368132,0.824563,-1.284377,1.106961,0.463248,-0.118876,1.284846,-0.097071,-0.291415,0.120167,-1.93044,0.192937,1.046442,-0.740806,-1.33168,0.013516,1.389889,0.575411,0.364304,1.346697,0.819184,1.322732
associatif,0.81874,0.626258,-1.37579,0.15219,0.297648,-0.328196,-0.074641,-0.362752,0.839101,-0.3866,-0.917398,-0.723051,0.478738,0.635821,-0.926272,1.183362,0.558717,1.071757,0.622441,-0.371466,0.922022,0.030617,-1.561936,-0.771485,-0.03319,-1.029385,-0.15827,-0.667252,1.102373,0.907113,0.315382
implicite,0.575478,-0.323732,1.15781,-0.489362,-0.56002,-0.253088,-0.696831,-0.290709,1.09987,0.180454,-0.432687,-0.811421,0.278294,0.304452,-0.33548,1.059054,0.008137,0.21406,0.444171,-1.827313,0.222504,-0.082115,-0.386466,1.192402,-0.369034,-0.672791,-1.112658,0.658553,-0.318894,-0.057463,1.224408
inverser,-0.382481,0.151013,0.827725,-0.036371,-0.405557,-0.228568,-0.962293,-0.187699,0.194887,0.556135,-0.354613,-0.617171,0.209952,-0.411885,-0.351901,-0.557213,-0.803232,-0.465194,1.197788,-0.566672,-0.324174,0.732501,0.12527,0.138853,0.0505,-0.89288,-0.101278,-0.35395,0.120733,-0.209273,0.903195
calculabilité,0.244083,0.004957,-0.372778,0.007652,-0.237674,-1.278401,-1.061755,-0.152512,0.782996,0.854087,0.622686,-1.602716,0.73844,-0.170781,-0.005947,1.284181,-0.351361,0.376652,0.446546,-2.444397,-0.738359,0.411737,-0.140724,-0.203988,0.138728,1.905661,-0.391246,-0.203945,-0.174556,-0.296815,0.724179
dominer,-0.323364,-0.675714,-0.359881,-0.106693,-0.466372,-0.268693,-1.461528,-0.076746,-0.125331,-0.377082,-0.634419,0.146674,0.69643,-0.052984,0.965958,-0.740738,-0.254593,-0.275029,0.927224,0.494115,0.729767,-0.296884,0.360814,0.034338,-0.685651,-1.760598,0.271114,-0.725857,-0.04462,1.057407,-0.140815
Brouwer,-0.251242,0.148965,-0.242546,0.474762,-0.959177,0.994623,0.554414,-0.397304,-0.924234,1.216266,-1.176583,0.467627,1.012692,0.563288,0.130116,0.385368,-0.387671,1.154428,-0.879189,-0.822568,0.244959,-0.373028,0.905561,-0.206078,-0.224597,1.377329,-0.515935,0.539072,1.109023,-0.872198,0.872391
séquentiel,0.399969,1.50707,0.396591,0.123107,-0.593703,-0.877998,-0.364035,-0.32216,0.465503,0.327064,0.268629,-1.453327,0.396354,-0.675322,-0.702767,0.345429,-1.464358,-0.48169,0.976095,-1.547622,-0.742415,0.432754,-1.081879,-0.120669,-0.605194,-0.018952,-0.505658,0.294712,-0.154183,-0.462415,1.526714
Tarski,-0.218102,-0.151753,0.35129,-1.046418,-0.437625,0.497136,0.045782,0.528727,0.276149,-0.578805,0.884954,-1.24952,0.506137,1.059588,0.563371,1.498878,-0.496576,-0.118612,0.653055,-2.405606,-0.844634,0.644164,-1.420212,0.55486,0.129774,2.641425,1.105161,0.296134,-0.582561,0.216116,-0.018592
lacet,-1.603279,0.117035,-0.326262,-1.00877,-0.028334,-0.819315,-0.155081,0.233031,0.061595,0.211479,-1.218731,-0.470576,0.21556,-0.262407,-0.277572,-0.805544,-0.723614,0.098839,1.865883,-0.752248,-0.756508,0.373245,-0.238383,-0.138973,0.672058,0.332524,0.218177,-0.783657,-0.628275,-0.601187,0.644375
conjonction,-0.521916,-0.33829,1.080912,-0.82174,0.066954,-0.438184,-1.044824,-0.36387,0.624266,-0.813484,0.002581,-0.389003,0.462609,-0.384513,-0.945572,0.208343,-1.416899,0.548948,-0.333401,-1.307224,0.309862,1.021714,-0.130783,-0.0517,-0.100548,-0.153628,-0.61979,0.369626,0.177953,-0.179292,0.732148
laplacien,-1.011959,-1.604014,-0.536536,-0.901586,0.409643,-0.970166,-0.065222,0.621339,0.827273,0.024789,-0.573814,-0.683049,-0.705325,0.476082,-0.329094,1.274121,-0.09136,-0.148361,1.160211,-2.38427,-0.006873,1.251173,-0.267379,-0.136974,0.153663,0.832735,-0.569438,-0.892868,0.055334,0.038134,1.916529
négligeable,-0.475157,-0.689497,-0.1745,0.008865,-0.472002,-0.566814,-0.93808,0.132826,0.675424,-0.821373,0.098334,-0.325027,-0.077882,-0.214712,0.492537,-0.20184,-0.80929,1.224902,0.900059,-1.20292,0.292204,0.129746,0.28776,0.969415,0.081711,-1.326612,-0.54803,0.517095,-0.241227,0.21685,0.060239
quantification,-0.136577,0.487488,0.532412,0.14683,-0.156958,-0.630595,-0.93976,0.055848,0.746073,-0.728037,0.818859,-1.066683,-0.15572,0.102886,-0.070866,0.235371,-1.235263,0.772521,0.367846,-1.427956,-0.567533,0.766045,0.036444,1.485888,-0.100247,0.124813,-0.883944,0.908593,0.447053,-0.803312,1.148413
récursivement,-0.84729,-0.095796,0.398465,-0.251392,0.499203,-1.388934,-0.718022,-0.626773,0.155343,1.175806,1.345345,-1.164905,0.985806,-0.743681,-0.336813,-0.079813,-1.077774,-0.006683,0.585282,-1.510189,0.040718,-0.21221,-0.656482,-0.360307,0.462636,1.850388,-0.681601,0.407298,0.033415,-0.26776,1.000976
coïncider,1.044832,-0.591034,0.671828,-0.384895,-0.281333,-0.671827,-1.138233,-0.215509,0.155503,-0.568576,0.285555,-0.206255,0.085835,-1.035404,-0.156809,0.71553,-0.984437,0.100005,0.68304,-0.746561,-0.148173,0.480765,-0.172431,-0.508885,0.193937,-0.219577,0.152665,0.358541,-0.086264,0.922409,0.155824
déformation,-0.801645,0.096382,0.913395,-0.833785,-0.345653,-0.040335,-1.245938,-0.04842,0.285139,-1.225581,-0.949338,-1.348187,0.170695,-0.386806,0.812676,-0.911303,-0.855699,0.841522,1.045598,-0.96018,-0.105291,0.907095,-0.331325,0.221469,0.242947,-0.948644,0.161674,0.423865,-0.094896,-0.718329,1.14371
Scott,0.213713,-0.814402,0.281048,-0.174022,-0.11693,1.262025,0.966784,0.486814,-0.084816,-0.579675,0.722848,-0.29772,-0.663989,0.564988,0.171956,0.400767,0.117346,-1.546852,-0.093067,1.877289,-1.258695,-0.072445,0.99762,0.341251,-0.086145,-0.173586,-1.191832,0.219503,0.4063,-0.625031,-0.496892
difféomorphisme,-0.674993,0.40703,-0.446808,-0.748573,-0.009966,-0.945627,-0.45401,0.74856,1.367303,0.662252,0.618333,-0.320032,1.037756,0.583127,-0.416938,1.038024,-1.273679,0.353328,0.840231,-1.261848,-0.639634,0.686938,-0.72401,-0.301235,-0.516095,1.686718,-0.572964,0.193108,-0.803043,0.200292,0.695726
parallélogramme,-1.816091,-0.087627,-0.620468,-0.409315,-0.405173,-0.705629,-1.564475,0.069607,1.561776,0.391758,0.219514,-1.187208,1.282,0.443329,-0.433753,0.733796,-0.929606,-1.000352,1.538466,-0.622391,-0.778814,1.078566,-0.857804,0.337047,0.910712,0.961599,0.023547,-0.280031,0.516187,0.550164,0.429627
$\pi$,-0.939116,0.2398,0.510382,0.070846,0.214192,-1.186492,-0.508134,0.858915,0.718136,-0.340559,-0.628569,-0.103847,0.156985,0.66443,-0.863587,0.510159,-1.06497,-0.328263,-0.549055,0.724632,0.141791,0.326785,-0.691038,-0.151122,0.331006,0.620763,-0.171697,0.432896,-0.0661,-0.10506,0.352513
corollaire,0.472301,-0.890452,-0.219451,-0.529387,-0.654648,-0.622358,-1.01934,-0.58657,0.84206,0.242677,-0.160332,-0.526365,0.418306,0.112586,0.225977,0.912382,-0.645674,0.310301,0.30623,-1.301651,-0.543636,0.211182,0.139322,0.382206,0.254195,0.507153,-1.153561,-0.06052,-0.358981,-0.524062,0.569
simplexe,-0.87756,0.051698,-0.351688,-1.071104,0.046877,-1.693224,-0.465844,0.211717,0.60505,-0.361603,0.362441,-1.42541,-0.066192,0.285155,-0.247771,0.579382,-1.024497,-0.326368,1.219203,-1.29972,-0.854904,0.463174,-1.226974,-0.132206,-0.27661,1.88328,-0.117089,0.266367,0.026528,-1.287126,1.395005
multiplicateur,-0.686467,-0.037214,-1.230685,-0.045156,-0.119761,-0.554264,-0.440779,-0.608835,1.254004,-0.16259,-0.259844,-0.790331,-0.444634,-0.04209,0.322394,1.43095,-0.934551,0.298484,1.121864,-1.359382,0.729345,0.990771,0.022895,1.417106,0.383835,0.620937,-1.037881,0.524065,0.107059,-0.342254,1.046009
hexagone,-0.35848,-0.013131,-0.425078,0.630054,-0.610582,-0.237197,-0.089914,0.356013,-0.037014,0.922943,-0.080289,0.181388,0.7961,-0.375992,-0.22511,0.662247,-0.479512,0.274731,1.06089,-0.774775,-0.177298,0.289301,0.597147,-0.921581,0.09833,0.312618,0.160631,-0.055646,1.064432,0.779936,0.43141
hypercube,-1.396378,0.618204,-0.258857,-0.435907,-0.361459,-1.269883,-0.144351,-0.167578,0.842329,-0.296975,0.494851,0.407729,1.237895,0.741533,-0.343484,1.366336,-1.396685,0.386778,1.116012,-0.804547,0.20172,-0.093587,-0.874927,-0.324682,0.299809,1.909222,-0.639207,0.919368,0.494266,-0.673381,0.358547
Landau,-0.483563,-0.283521,-0.516741,-0.56988,0.427882,0.499342,-0.196024,-0.48313,-0.223959,-0.651635,0.687116,0.297095,-0.010997,0.802562,-0.291494,-0.14564,-0.507237,0.239403,0.069279,-0.005746,-0.27171,0.674635,-0.307846,0.870466,0.646034,1.041011,-0.545582,0.290598,0.041652,-0.104649,0.375716
normaliser,-0.749877,0.025509,0.753982,0.97664,0.303146,-1.010689,-0.582696,0.1808,0.946815,-0.545548,-0.151311,-0.658329,0.105671,-0.830006,-0.081093,-0.426545,-0.159345,-0.577262,-0.278146,-1.851132,-0.018839,0.588988,-0.70141,-0.113963,-0.390263,-0.861484,-0.471694,0.360071,-0.403648,-0.775032,2.162682
pivot,-1.042048,-0.35214,-0.415746,0.247059,-0.084514,0.010839,0.4925,-0.539283,0.728884,-0.280394,-1.107281,-0.23566,0.178079,0.397037,-0.130706,0.139154,-1.142238,-1.047871,1.126446,0.181027,0.192924,-0.023467,0.170335,0.699734,-0.42242,0.136812,0.488031,-0.88323,1.256729,-0.669777,1.085672
icosaèdre,-0.491436,0.244586,-0.545878,-0.271446,0.031371,-0.820233,-0.403335,-0.731849,0.988874,0.271539,0.953957,-1.11871,2.365465,-0.70711,1.367096,1.290261,-1.546828,-0.078479,0.930347,-0.869066,-0.381954,0.634174,0.373569,-1.467635,0.506804,1.301097,0.171238,0.19457,0.356661,0.142274,1.191521
plonger,-0.690037,-0.534681,0.602739,-0.484926,-0.498524,0.175614,-0.088114,-0.129355,-0.193201,0.727092,0.439924,-0.340236,-0.005878,-0.119404,-0.129935,-0.698667,-1.067658,0.96677,0.800797,-0.327525,0.095218,-0.474461,0.40455,-0.688016,0.662741,-1.014858,0.088043,-0.504612,0.203106,-0.327812,-0.589696
équilatéral,-1.477031,-0.393312,-0.625754,0.120292,-0.009579,-0.817398,-1.587213,0.143008,0.888218,0.810347,0.508111,-0.948023,1.314277,0.850845,-0.464923,1.030008,-0.440213,-1.209946,1.595822,-0.66501,0.088832,1.415913,0.364641,-0.494054,0.215884,0.72446,-0.022857,-0.826388,0.927595,1.047883,0.425933
divisibilité,-0.723333,-1.101953,-0.483877,-1.522841,0.333679,-1.006746,-1.338496,0.458331,1.542998,0.349113,0.083534,-1.127022,-0.340887,0.281303,-0.376697,0.974011,-0.491001,0.591317,0.423036,-1.495704,0.155894,0.939975,-0.650109,0.347259,-0.153958,1.59701,-0.494266,0.103382,0.166512,-0.366111,0.684972
métrisable,-0.001291,0.006753,0.014902,0.019335,-0.009875,-0.004052,0.017766,-0.017403,0.018438,0.005878,-0.01317,0.00031,0.002133,0.013025,0.010244,-0.012733,-0.00262,0.020174,-0.009756,0.002558,0.00191,0.001585,0.023482,0.007802,-0.021182,-0.004653,-0.004073,0.01824,-0.006765,-0.011453,-0.004699
compacité,-1.420047,-0.191859,-0.483917,-0.428431,-0.486041,-0.879161,-1.752351,0.814692,1.297457,0.490884,0.036081,-0.317181,-0.294476,0.294663,-0.436298,-0.014654,-0.809699,1.082013,1.571028,-1.475638,0.043388,0.472881,-0.548815,1.294675,-0.133271,0.820354,-0.336239,0.64171,-0.019461,-0.139366,-0.119181
dénombrement,-0.282493,-0.51401,-0.448606,-0.73503,0.586998,-1.068109,-0.508212,0.570361,-0.118252,-0.435717,0.999683,-1.169353,-0.130421,-0.500145,0.975964,0.865834,-0.122664,-0.409481,-0.523619,-1.35406,0.757247,-0.062614,0.077536,0.538774,0.061696,0.165684,0.247171,1.864761,-0.406497,-0.080896,0.246799
torsion,-0.925944,0.575618,0.227038,-0.433092,-0.059647,0.093945,-0.949449,-0.029246,0.950116,0.4704,-1.404001,-1.579524,0.150972,-0.038839,0.013753,-0.421602,-0.891133,0.197274,1.558142,-0.594504,-0.847382,1.162209,-0.482822,0.737824,1.098014,0.020232,0.070252,-0.628533,-0.570502,-0.889001,0.974761
décidable,-0.742928,-0.133315,-0.374643,-0.561152,-0.419607,-1.215282,-0.20892,0.225081,1.470701,0.651922,0.96029,-1.196263,0.162727,0.128326,0.994195,1.356737,-0.840416,-0.568314,1.141475,-1.391989,-0.102813,-0.295113,-0.922899,0.133346,-0.207846,1.464205,-1.158034,-1.056721,-1.170676,0.798787,0.819201
incertitude,0.316704,-0.894442,0.896175,-0.276706,-0.730721,-0.370353,-1.43021,0.697787,0.31602,-0.560111,0.056991,-0.253351,-0.455062,0.100185,0.269346,0.412126,-1.110142,0.918066,0.390536,-1.576193,-0.385,0.063588,-0.091754,0.940818,0.12176,-0.853066,-0.413166,0.619231,-0.072617,0.001711,0.403137
quart,-0.133784,-0.088588,-0.089001,0.724709,0.216331,0.056418,-0.185319,0.055065,-0.277356,0.148229,-0.231809,0.921096,0.15781,-1.581139,1.018207,-0.286963,-1.218428,-0.883777,0.425,0.137148,0.452215,-0.738193,0.79682,0.975527,-0.040462,-1.112014,1.132292,-0.440111,1.077005,-0.141864,-0.456606
Bessel,-0.50474,-0.167097,-0.541827,0.258171,0.418524,0.604116,-1.078662,-0.019904,0.166316,0.824934,1.195844,-1.005424,-0.026244,1.037633,0.100428,-0.114392,-1.404021,-0.483414,0.452018,-1.736795,0.102139,1.173069,-0.988237,0.692359,0.337841,1.383272,-0.169561,0.118109,-0.624607,-0.98572,1.194279
bijectif,0.561614,0.781256,0.069475,-0.715479,0.331654,-1.541109,-1.542243,-0.24409,0.7974,1.322569,0.012598,-0.607467,0.826626,-0.009417,-0.238176,0.741874,-1.358824,0.900684,0.156075,-0.271712,-0.72193,0.598506,-0.409219,-0.172976,1.545572,1.645236,-2.16992,-0.070145,-0.838362,0.571484,1.76646
homéomorphisme,-0.415039,0.037191,-0.244671,-0.731822,-0.558433,-0.996231,-1.026762,0.324202,0.572362,0.922225,0.112112,-1.406013,1.000962,-0.188089,-1.000348,0.513416,-1.529938,0.110383,0.818638,-2.119945,-0.372032,0.590008,-0.974205,-0.188237,-0.105618,1.767696,-0.717001,0.363338,-1.077975,0.469155,1.080353
postulat,0.910993,-0.70979,0.108831,0.109081,-1.394369,0.026469,-1.60362,-0.592291,0.236764,0.485717,0.357774,-1.106958,0.370405,0.439573,0.037517,0.577198,-1.133359,-0.356489,-0.058935,-1.227128,-0.354419,0.221999,-0.006717,1.271263,-0.21852,-0.205289,-1.202458,0.144337,0.221064,-0.136618,1.355018
clôture,1.046795,0.623401,-0.149815,-0.712253,0.826594,-0.50147,-0.559411,-0.688587,0.164846,0.7227,0.13593,0.658735,0.753149,-1.521792,0.523401,0.724649,-0.827575,-0.488679,0.661267,-0.103234,0.375193,-0.196092,0.070146,-0.014671,-0.075979,-0.842293,0.556239,0.061863,1.181914,-0.743221,0.448248
numérateur,-1.131469,-0.401298,-1.016985,-0.005319,0.14881,-0.692174,-1.068271,0.122645,1.52562,0.289679,0.732843,-0.739914,0.879289,-0.203352,0.514632,1.695198,-0.179628,-0.109973,0.544352,-1.839405,0.478722,0.561708,-0.04017,0.87564,-0.063553,1.301272,-1.1596,-0.325651,0.655618,1.247187,0.581463
revêtement,-0.548043,1.625323,-1.282231,-0.155112,0.360081,-0.185337,-0.950428,0.072858,0.110208,0.596321,-0.248018,-0.023901,0.409208,-0.240391,0.769124,-1.413048,-0.907283,0.646259,2.067189,-0.156686,-0.547216,0.563946,-0.918563,0.224775,0.274663,-1.054168,0.172198,0.344148,-0.467658,-1.523342,0.961924
discriminant,-0.464106,-0.006272,0.119441,-0.107854,-0.643209,-0.461792,-1.352955,-0.378045,0.817241,-0.007725,-0.150093,-0.975389,-0.016464,0.463172,0.360124,0.811569,-0.79077,-0.209605,0.636769,-2.049984,0.632163,0.953802,0.580902,1.629257,-0.475961,-0.009916,-1.307174,-0.045774,-0.295586,-0.408934,1.089878
incomplétude,-0.135216,-0.546967,-0.305215,-0.401883,-0.923871,0.121362,-1.43168,-0.219228,-0.250465,0.812828,-0.034707,-0.109888,0.270297,0.563609,0.119744,0.642679,-1.499209,0.236723,0.62318,-2.150931,-0.099979,0.124279,-0.920484,1.118242,0.093478,1.620749,-1.661766,0.312179,-0.262264,-1.041533,0.956171
Peirce,-0.427721,-0.793124,-0.208918,-0.294752,-0.86304,0.227076,0.225645,-0.259841,0.597655,-0.112047,-0.34103,-1.414947,0.035526,0.945423,0.876635,0.242755,-0.784906,0.329387,0.73221,-0.500595,-1.109899,0.262809,0.460443,0.453739,0.053381,1.978821,-0.732433,0.225069,-0.8994,-0.742341,1.124028
indécidable,-0.382083,-0.179472,-0.197721,-1.105536,-0.469362,-0.774074,-0.216098,0.202882,0.731543,1.050975,1.215107,-0.844878,0.490857,-0.061463,0.549396,1.629387,-0.385428,-0.274271,0.572611,-2.520526,-0.565638,0.171005,-0.76904,-0.62248,0.171582,1.337132,-0.32202,0.178895,-0.842417,0.359612,1.04386
pgcd,-0.986003,0.774525,0.470165,-0.960255,0.162894,-1.007184,-1.157572,-0.611866,0.381823,0.562596,0.911141,-0.641417,-0.457045,0.271321,-0.454807,0.1299,-1.484213,-0.557551,1.260604,-0.64851,1.448169,0.793808,-1.833767,0.363798,-0.487943,1.910669,-0.676068,-0.847048,0.194623,0.906055,1.439519
congru,-0.76081,0.364273,0.019021,0.661301,-0.125089,-1.547424,-0.267345,-0.014609,0.278624,1.427972,0.257241,-1.626101,1.329419,-0.864412,1.159726,1.685861,-0.886553,-0.252923,0.4018,-1.835991,0.15121,-0.768251,0.635906,0.669303,1.578215,1.753746,-0.710426,0.810904,-0.537168,-0.001666,0.267607
fractionnaire,-0.673088,-0.132249,-1.189801,-0.412085,-0.857006,-0.488375,-1.504098,-2.011664,1.184092,0.114696,0.855423,-0.184618,0.010396,0.013338,-0.002072,1.188016,-0.293677,-0.475733,0.790094,-1.412058,0.968629,1.479906,-0.385557,0.94363,0.046975,1.046114,-1.635459,-0.154957,0.161445,-0.776775,0.560778
opposé,-0.456013,-0.649479,0.417935,-0.20477,-0.407829,-0.13215,-1.163786,-0.08179,0.197976,0.15457,-0.178369,-0.823623,0.512568,0.427108,-0.072081,-0.078047,-0.54702,-0.354478,1.098848,-0.504598,0.183695,0.046473,0.051286,0.142593,0.074546,-0.621255,-0.650106,-0.380572,0.439068,0.186784,0.288241
Hamming,-1.327521,-0.150523,0.136908,-1.210235,0.004697,-0.52245,-0.540287,0.479757,0.55891,-0.038334,0.64725,-0.458308,-1.348717,1.191579,-0.356651,0.684239,0.25852,-0.92442,0.367221,-1.761289,-0.043695,0.461035,-1.694861,1.815129,-0.028884,1.883555,0.460875,-0.328064,0.271918,-1.361933,0.101104
lagrangien,-0.25157,-0.558483,-0.269804,-0.329563,-1.099251,-1.049262,-1.751094,-0.810597,0.450917,-0.311196,0.350487,-1.947758,-0.119525,-0.527082,0.270625,0.440678,-0.658448,0.129317,0.031477,-1.748808,-0.195334,1.822519,-0.034553,0.087112,-0.278669,0.484745,-0.731257,-0.205721,0.701355,0.107059,1.879232
primalité,-0.473146,-0.424631,-0.906057,-0.963088,0.416311,-0.16322,-0.171616,0.96077,1.671475,0.284139,0.838645,-1.625519,0.204144,0.670177,0.890635,1.156803,-2.206252,-0.060547,0.842464,-1.340484,-0.642868,0.575057,-0.843031,-0.211881,0.010429,1.615467,0.345558,-0.260639,-1.00863,-0.968962,0.46352
démontrable,-0.032115,-0.508765,0.053042,-1.218093,-0.385485,-0.861467,-1.018459,0.688689,0.217953,0.044385,1.139086,-0.916697,-0.028709,0.775825,0.654159,1.228033,-0.788445,0.081589,0.354811,-2.343485,0.229928,-0.497464,-0.776963,0.455509,-0.342149,0.689676,-1.407432,-0.07566,-0.106059,0.427794,0.665296
borélien,-0.569144,-0.696649,-0.95923,-0.36155,-0.586332,-0.554478,-0.660665,0.541699,0.570636,0.379499,0.509144,-0.976215,0.555449,0.376015,-0.272725,0.372643,-0.8742,-0.286278,-0.512771,-1.244094,-0.819489,0.37236,-1.135616,-0.209052,-0.557047,2.168936,-0.169974,-0.003756,-0.661783,0.06586,0.502083
hypergéométrique,-0.725874,-0.209962,-0.483971,-1.822608,1.470249,-1.018247,-0.351134,0.371024,1.448895,-0.611061,-0.056522,-1.365046,1.4606,0.225243,0.052484,1.341801,-0.634893,0.047227,0.076,-1.933934,-0.475326,0.096069,-1.65931,0.727717,0.551154,1.982939,-0.384791,-0.597023,-0.896072,0.169774,0.707927
injection,-0.275229,1.722996,0.053233,0.887684,-0.924531,-0.870876,0.144075,0.305627,0.228825,-0.068355,-0.530987,-0.84398,-0.572923,-0.418623,0.239035,-0.199301,-2.211322,0.8738,0.303263,0.052853,-0.496946,-0.016805,-0.443612,0.179704,1.053242,-0.624272,-0.273889,0.393394,-1.198503,-0.793679,0.567749
réflexif,-0.31108,0.05113,0.466199,-0.163367,-0.590855,-0.169599,-0.684109,0.021571,1.050627,0.214218,-0.550447,-1.264449,1.53899,0.353164,-0.768995,0.575445,-1.079605,0.825969,0.37933,-1.384619,-0.373969,-0.499776,-1.210749,0.121804,-0.385037,0.201507,-1.366043,-0.354093,0.978123,0.281511,1.271551
surjectif,-0.091361,1.208095,1.396384,0.412538,0.324079,-1.204662,-0.983476,0.102565,1.321983,1.402421,0.661851,-1.224991,0.839179,0.419827,-0.784515,1.252473,-2.615685,0.107308,-0.48891,-0.28761,0.627285,0.156895,-0.801467,-0.312752,0.928149,1.173878,-1.680917,-0.146192,-0.593091,0.736738,1.519819
orientable,-1.271901,0.728242,-0.387868,-0.637706,0.034234,-1.701236,-0.43368,-0.347007,0.454735,0.989258,-0.345696,-0.401817,-0.090959,0.156893,-2.129935,-0.198328,-1.77827,-0.663688,1.950185,-0.086212,-0.190243,1.237538,-0.220616,-0.255648,0.742001,0.446929,0.040991,0.066819,-0.660111,-0.179974,0.542747
Littlewood,-0.587223,-0.939713,0.037052,-0.729811,0.527411,-0.292248,-0.512378,0.41029,0.133889,1.002065,-0.236516,-0.569883,0.811126,0.752463,0.340578,0.751441,-0.706208,-0.722848,1.121206,-1.359029,-0.676416,-0.017814,0.133768,-0.58367,-0.063871,2.227452,0.000424,-0.095878,0.013146,-1.562844,0.308914
Liouville,-0.802216,-1.080683,-0.733953,-0.550143,0.056399,0.32446,-0.307566,-0.279763,-0.239736,-0.662015,0.406599,-1.901381,0.555226,0.468868,0.553389,0.526629,-0.777877,0.065994,0.390579,-1.355696,-0.641207,0.762482,-0.167706,0.905102,0.686473,1.943588,-0.3516,0.754959,0.480586,-0.53257,1.127044
prisme,-0.318524,-0.266076,0.021627,0.38294,-0.337465,-0.167851,-1.471863,0.101452,0.285149,0.500677,-0.399946,-0.885427,0.481435,1.05204,-0.542931,0.126122,-0.870377,0.159806,1.432355,-0.76413,-0.210419,1.087817,-0.106514,-0.368094,0.16874,-0.001638,0.160912,0.240767,0.889183,-0.325714,1.379601
ergodique,-0.540024,-0.878358,-0.101792,-0.862062,-1.971675,-1.32772,-0.835569,-0.153096,-0.042598,-0.693242,0.358454,-1.251063,-0.134674,0.957484,0.889474,0.978046,-1.493696,-0.420302,0.065216,-1.949382,-0.137753,0.020736,-0.029003,0.352494,-0.836487,0.969147,-0.496408,-0.140426,-0.325488,-0.145835,1.407393
algébriquement,-0.439739,1.12706,0.29338,-1.953704,-0.628454,0.468772,-1.432943,-0.927626,0.982613,1.193506,1.16432,0.266321,0.285853,-0.698182,-0.242977,1.904614,-0.59267,-0.084675,0.104701,-0.928276,0.175092,1.861723,-1.436223,-0.598415,1.539576,0.643788,-1.202846,-1.313205,0.357578,1.040093,0.250989
déterminant,-0.397726,0.126276,-0.553761,-0.51922,-0.292247,-0.546114,-1.698108,0.469142,0.746544,-0.864399,1.068055,-1.18167,0.292754,-0.627991,0.74617,1.480085,-1.492829,-0.552196,-0.554144,-1.537748,0.260915,0.445012,-0.950045,0.540586,-0.338857,-0.071766,-1.949956,0.038328,0.462405,-0.287357,0.673381
Kronecker,-0.690465,-0.762474,-0.850608,-1.208018,-0.536557,0.124369,-1.013274,-1.124567,0.964678,0.441612,0.584921,0.43152,-0.062666,0.295283,0.530729,0.85149,-1.295536,0.538779,0.009921,-1.138107,1.279739,1.428396,-0.392601,0.395643,-0.350988,2.060452,-0.761145,0.28382,-0.192955,-0.035794,1.235206
valuation,-1.573163,0.236367,0.429916,-1.201059,0.162228,-0.913818,-1.159151,0.380726,2.608432,0.955021,-0.292863,-0.563319,0.609658,0.933938,0.21698,0.88633,0.358448,-0.329534,1.181504,-0.931355,-0.096725,0.869381,-0.606537,0.57775,-0.543525,0.93377,0.191702,-0.396775,-0.635733,-0.782485,0.427438
eulérien,-0.546174,-0.526495,-0.962073,0.711066,-1.179728,-2.053435,-1.567497,1.007255,-0.446605,-0.995085,0.251817,-1.475451,0.108379,0.324685,-0.227596,1.122538,-1.292484,-0.357653,0.351881,-1.560795,-0.219832,0.721371,-1.295083,-1.939487,0.426803,0.764527,0.9996,0.170124,0.72566,-0.243992,0.198835
littéral,-0.429227,0.024679,1.552067,-0.13445,-0.572362,-0.136611,-0.480084,-0.482997,0.527328,0.082177,-0.038249,-0.31517,0.770205,-0.400886,-0.140328,0.329338,0.012752,-0.549514,0.021078,-1.235444,0.497274,-0.019368,-0.043946,-0.247558,-0.906896,-0.198941,-1.220939,0.600896,0.27036,-0.568702,1.203152
disjonction,-0.168551,0.160277,0.322214,-1.129048,-0.158961,-1.106362,-0.489822,-0.264302,0.393645,-0.591079,-0.485469,-1.353348,0.497883,-0.616925,0.133952,1.536425,-1.042798,-0.376665,0.35453,-1.931586,0.318007,0.824698,-0.162681,-0.47517,-6.7e-05,1.215868,-0.725005,0.033338,-1.086279,0.066165,0.638665
parallèlement,0.857385,-0.545927,-0.72707,0.562606,0.045769,0.198854,0.099228,-0.111612,-0.160156,-0.280678,-0.245653,-0.017395,0.147677,-0.289907,-0.630537,-0.262756,-0.213834,0.542811,0.565762,0.191849,-0.077031,-0.502029,-0.20182,-0.266514,0.196646,-1.071851,-0.02454,-0.077287,0.476871,0.576328,-0.304051
retenue,-0.973802,-0.224024,-0.30513,-0.75745,0.145841,-1.195873,-0.619708,-0.36218,-0.029194,-0.458509,-0.213365,-0.222948,0.67175,-0.73378,0.338391,0.179497,-0.05517,0.517028,0.901567,-1.270022,-0.660081,-0.357671,0.273523,0.217228,1.296066,-0.667518,-0.467939,0.252545,0.147482,-0.836829,-0.099703
majoration,-0.251422,0.561205,-0.83262,-0.262983,-0.163655,-0.828865,-0.263032,0.465384,1.50077,0.235607,-0.5927,-0.664253,-0.914005,-1.076758,0.077906,1.865175,-0.660227,0.574176,0.794591,-2.017511,0.175974,0.402881,-0.608383,0.973672,1.176919,0.238327,-0.211873,0.699061,-0.91146,-1.16915,-0.713952
crochet,-1.427469,0.297296,0.604405,-0.396845,0.62216,-0.102872,-0.394465,0.402095,0.483478,0.758662,-0.276516,-0.876953,0.478604,-0.319875,0.066909,-0.400754,-0.356734,-1.210217,0.952022,0.183902,0.075965,0.654468,0.312045,-0.298235,-0.019056,-0.512157,0.03771,-0.363168,0.385584,-0.713748,1.14748
sécant,-0.469548,-0.049318,0.098235,-0.98737,0.01412,-0.200744,-1.588432,0.811938,1.3897,0.61459,-0.595868,-0.000232,1.275695,0.843026,0.628758,1.440826,-0.395794,0.710688,2.113674,-1.295328,-0.656805,0.609418,-1.022842,-0.305464,0.929814,1.274379,-0.922714,-0.371912,0.24457,0.714904,0.878697
invariance,0.565834,-0.75989,-0.039892,-1.015588,-0.640496,-0.73819,-1.809848,-1.181704,0.767348,0.5952,0.59683,-0.504033,0.03913,0.191753,-0.59657,0.715924,-0.275735,0.34084,0.113101,-1.56649,-0.877424,1.741725,0.259011,0.50425,0.041522,0.934505,-0.606078,0.042328,-0.087504,-0.793158,1.108109
suffixe,-1.829435,0.527404,1.312823,-0.44997,0.220117,-0.755748,-0.974513,-0.086686,0.192151,-0.804347,-0.213409,-0.452932,0.599769,-0.722265,1.382673,-0.273901,0.202277,-0.489197,-1.063429,-0.623827,1.194331,0.16486,-0.374988,-0.016098,-0.576062,-0.152665,-1.775778,-0.239472,-0.265332,0.562973,1.723439
homomorphisme,-0.247523,1.010148,0.737743,0.308612,0.183434,-1.454305,-1.106389,-0.388098,1.501802,1.044503,0.097791,-1.372833,0.3035,-0.41532,-0.429315,0.880278,-1.524615,-0.57084,-0.355834,0.651527,0.592254,1.001839,-0.896827,-0.10462,0.808141,1.074945,-0.832162,0.09314,0.195429,1.141792,1.93994
antisymétrique,-0.014142,0.120799,0.036097,-1.573608,0.696283,-1.229435,-1.478847,-0.043769,0.393888,0.388448,-0.937504,-0.842176,-0.037232,0.107193,-0.310475,1.867239,-1.488718,-0.986817,0.431156,-0.853713,0.14098,1.462533,-0.371842,-0.204389,0.96629,0.281575,-1.80108,0.039678,-0.229325,-1.207051,1.503417
barycentre,-1.385061,-0.096282,-0.275596,-1.023075,-0.519717,-1.714585,-1.720891,-0.289861,0.644301,-0.320021,-0.240148,-0.936689,0.379053,1.208736,-1.384096,0.810253,-1.468172,0.123712,0.116414,-0.606269,0.53754,0.69583,-0.456941,0.85965,0.771101,0.284471,0.162034,-0.069003,0.611823,-0.284724,-0.25448
subdivision,-0.325131,-0.059965,0.169705,0.258647,1.077605,-1.95913,-1.377378,-0.656502,0.528371,-1.736898,0.141666,0.766353,0.867701,-0.233896,0.596577,0.400282,0.81349,-1.196641,-1.258326,-0.263243,0.346781,0.430327,-0.844378,-0.259525,0.216694,-0.439984,0.619557,-0.685661,-0.26599,0.578242,0.276976
assertion,-0.22686,-0.495628,1.3992,-0.666451,-0.440143,-0.129572,-0.679239,0.867086,0.50434,0.590212,0.722141,-0.709597,0.775956,0.988994,0.994291,0.718587,-0.107832,-0.164899,0.116507,-1.433943,-0.302268,-0.663766,-0.506137,0.918226,-0.363544,-0.125382,-0.517054,1.18705,-0.234744,-0.190323,1.553114
polygonal,-0.516136,1.165007,-0.209336,-1.331121,0.214821,-0.774365,-2.50013,-0.290387,-0.049571,0.490429,0.301032,-0.871926,1.532844,0.043971,0.007123,-0.398604,-0.342247,-1.456117,2.108943,0.635476,-0.376345,0.85599,-0.687016,0.175642,-0.06174,0.030143,0.930863,0.792311,0.622278,-0.12311,0.217126
octaèdre,-1.720269,0.201366,0.153315,-0.490429,1.425024,-0.794527,-0.150856,-0.086474,0.541621,-1.077453,-0.089305,-1.290095,2.070749,1.11725,0.6314,0.950306,-1.379998,-0.649732,1.155968,0.208057,0.090031,0.640529,-0.230961,-0.784261,1.339107,0.524295,-0.345262,-0.168937,1.172971,0.01939,1.355578
onze,0.102861,0.24052,-0.078413,0.433693,0.31039,0.249475,0.032392,-0.126919,-0.425187,-0.071207,0.828817,0.486654,0.275669,-1.176972,0.258427,0.173694,-0.332245,-0.936708,0.104992,0.087927,0.663494,-0.480174,-0.165408,0.093124,0.247419,-1.270492,0.81777,-0.158333,0.451867,0.446424,-0.736251
milliard,0.339089,0.228767,-1.226513,1.879451,-0.548705,-1.971789,0.214033,0.990047,0.329084,0.102631,0.429898,1.754927,-1.386963,0.231001,-0.189546,0.963856,-0.707572,0.588484,0.465043,-0.160975,0.067846,-0.035131,0.868004,0.841026,1.383379,-1.625389,0.029874,1.687442,-1.071715,-0.144693,-0.685063
orthonormal,-1.53498,0.398318,-0.53876,-1.015175,-0.493537,-2.278527,-0.047971,-0.515372,1.134341,0.119397,1.310047,-1.864478,0.51255,0.798691,-0.376181,0.764301,-0.389417,-0.805484,0.321774,-0.811735,0.766882,-0.027393,-0.885664,-0.760128,-0.980568,0.469375,-0.512771,0.460759,-0.418647,0.349581,1.215009
tridimensionnel,0.183984,0.951475,-0.254419,-0.447185,-0.278035,-0.670716,-1.450409,0.386253,0.836831,0.044999,0.598518,-1.153384,0.527511,0.914743,-0.486476,-0.496711,-1.346597,0.495633,1.393046,-0.27842,-0.603933,0.673865,-1.473776,0.185635,-0.747625,-0.589934,-0.155151,1.012696,0.527945,-0.314728,1.612249
extraction,-0.367371,0.362899,-1.015473,-0.361891,0.415325,-0.623849,-0.099407,0.167682,-0.18187,-0.43475,-0.247204,-0.719501,-1.062957,-0.635809,1.820782,-1.379871,0.100799,1.680453,0.283826,0.327561,0.278558,0.01688,0.051771,0.862632,0.501756,-0.174173,0.799351,1.541277,-0.67914,-0.382486,1.172799
linéarité,-0.125499,-0.859378,0.672475,-0.533211,-0.266071,-0.447341,-1.220321,0.237804,0.690637,-0.515378,-0.26866,-1.26261,-0.313342,-0.093717,-0.23215,-0.006554,-0.805592,0.198483,1.502005,-1.610683,-0.492735,0.727182,0.253408,1.019157,-0.459523,0.228705,-0.865396,0.55472,-0.092226,-0.597416,0.979042
Pólya,-0.330604,-1.236021,-0.765887,-0.798538,0.017896,-0.301983,0.030444,0.196604,0.558462,-0.106222,0.545078,-1.17417,-0.482327,0.161236,0.300976,1.415338,-0.861176,-0.848348,0.826052,-2.027513,-0.272347,0.224544,-0.553586,0.269857,-0.197182,2.632492,-0.025979,1.06531,-0.617851,-1.632275,-0.131255
Riesz,-1.510347,-1.262027,-0.753309,0.645812,-0.257961,0.133819,-0.155611,0.173262,0.681138,0.689221,0.590033,0.024453,1.755529,0.28913,0.268522,1.137317,-1.855419,0.234381,0.323548,-1.971897,0.032492,-0.209061,0.12239,-0.344094,0.142519,3.142811,0.186103,0.947554,0.430734,-0.334972,-0.376695
cinquante,0.039209,-0.098344,-0.321779,0.732777,-0.355505,0.316128,-0.121582,0.03344,-0.277172,0.298249,1.009016,0.487143,0.156721,-1.441341,0.130233,0.249662,-0.192202,-0.580054,0.292534,-0.263167,0.38722,-0.464957,-0.019583,-0.062829,0.211539,-1.229832,0.684273,0.609917,0.249318,0.26369,-1.221092
transposer,0.500721,0.14617,0.318789,-0.286146,-0.434578,-0.300862,-0.430379,-0.949241,-0.002071,0.64492,-0.012198,-0.11211,0.283807,-0.483304,-0.683521,-0.039426,-0.559906,-0.266873,0.396025,-0.947546,0.314026,0.328583,0.055158,-0.107044,-0.929783,-0.049962,-1.113183,0.525816,-0.302846,0.011769,1.1643
additionner,-1.125912,-0.019871,-0.611912,0.113623,0.608669,-0.247909,-0.045856,0.301622,1.172282,0.371719,0.571715,-0.057338,-0.076282,-1.378202,1.111195,0.185302,-1.407652,0.187251,0.631114,-1.280468,0.855502,0.182938,0.276353,1.054157,-0.247973,-0.676813,-0.361393,0.102889,0.064081,-0.546535,0.816329
dispersion,0.000466,-0.028194,-0.153597,-0.112428,-0.338784,-0.775181,-1.079954,-0.212668,0.658569,-0.015819,0.261351,-0.996509,0.248393,0.530529,0.204828,-0.360439,-1.159684,1.455558,0.101272,-0.588795,0.171567,0.626787,0.838301,0.279394,-0.186288,-0.872219,0.07551,0.533777,-0.526081,-0.298325,0.225412
sophisme,-0.512931,-0.446111,-0.279834,-0.72668,-0.688639,-0.133675,-0.144962,-0.006666,0.221303,0.378989,-0.045965,-1.464437,0.691861,0.741012,0.612611,0.094259,-0.510648,0.396474,0.545065,-2.339784,-0.337093,-0.319748,-0.228166,0.441115,-0.941901,0.857563,-0.364778,0.040463,-0.430279,-0.777328,1.574685
homéomorphe,-1.077155,0.21751,-0.156819,-0.436058,0.350981,-1.409082,-0.761268,0.326079,1.03586,0.683225,0.834516,-1.454482,0.900952,0.286725,-0.411204,0.757609,-0.475327,-0.065364,1.724994,-2.062308,-0.149368,-0.006939,-1.595899,-0.605891,0.114074,2.29704,0.01174,0.095488,-0.353556,-0.18546,-0.136234
Kleene,-0.572839,-0.217069,-0.659192,-0.552197,0.624916,0.186444,-0.630261,0.322539,0.740159,0.380757,0.819431,-1.306372,0.750867,0.801334,-0.30259,1.19132,-2.11652,0.268464,0.985086,-1.846919,0.364999,1.013433,-0.898286,-0.261026,-0.072503,2.083403,-0.36139,-0.631662,0.37901,-0.139371,0.523693
bissectrice,0.10943,-0.607164,0.152901,-0.662599,0.490471,-0.869947,-0.96702,0.797806,-0.056946,-0.214522,0.184652,-1.04757,1.181984,0.579488,-0.432271,1.06481,-1.219626,-0.305977,1.062618,-1.77966,-0.589972,0.886423,-0.207788,-0.102892,0.270611,1.65218,1.099437,1.048716,-0.182517,0.516046,0.713766
ZF,-0.885217,1.445559,-0.266852,0.897963,-0.180727,-0.953228,0.419605,-0.429112,-0.219772,0.182535,0.069902,-0.402992,-0.621608,0.223353,-1.045943,-0.200785,-2.013532,-0.807592,1.024873,-0.985798,-0.500512,0.698819,-0.913907,0.495242,0.414544,1.139114,-1.08582,-0.425773,-1.125145,-0.600377,1.613095
concave,-1.307422,-0.342566,0.339844,0.454762,1.326425,-0.589296,-2.149549,1.455223,0.078196,1.071861,-0.689174,-1.196938,1.316105,0.646284,-0.000304,-0.838598,-0.482795,-0.867425,2.142548,-0.721189,-0.584576,0.576451,0.242008,-0.613739,0.573155,-0.541264,0.77296,-0.401437,0.288406,-0.460645,0.737683
étoilé,-0.640348,0.305946,-1.236685,-0.90858,0.672024,-0.757363,-0.384805,0.869447,0.148671,1.069121,0.641809,-0.108688,-0.477359,0.280891,-0.228356,0.677482,-0.210172,-0.210375,1.069996,-0.687527,0.831665,0.61314,-0.349792,-1.370438,-0.788995,0.415091,0.20547,-0.499553,0.766896,-0.636731,0.0345
gaussien,-0.656671,0.620887,-0.216544,-1.032046,0.356006,0.121243,0.129793,0.05659,0.148734,-0.31089,-0.186532,-1.388237,0.105456,1.044677,0.449546,0.842533,-0.823093,-0.055711,2.707994,-2.566756,0.053266,1.771776,-0.640967,0.079719,0.265358,0.270401,-0.115445,-0.422206,-1.16252,-0.140637,1.684403
isométrique,-0.140071,-0.08252,0.969237,-0.370924,-0.328252,-0.684414,-0.98457,0.147424,1.787917,0.345445,0.222126,-1.093505,0.349761,0.515432,-0.710301,0.673835,-1.129952,-0.276609,1.860222,-0.709976,0.14632,0.929339,-0.942613,-0.307639,-0.731385,0.356736,0.596987,0.429705,0.33472,0.123001,1.20205
cyclotomique,-1.466939,0.753285,-0.637928,-0.753792,-1.308392,-1.195553,-1.565788,-0.591069,1.002718,0.763491,0.924816,-2.251773,0.188234,-0.15226,1.313819,1.624169,0.056988,0.41192,0.158521,-0.852472,0.241957,1.75066,0.688113,0.526754,1.191077,1.085512,-0.633786,0.161857,-0.04976,0.491634,0.066366
normalisation,0.544331,-0.413259,-0.002917,0.54879,-0.075502,-1.006121,-0.084358,-0.572538,1.573832,-0.790786,-0.234477,0.872763,0.222847,-0.044455,-0.264949,0.073078,-0.243356,0.656037,-0.209522,-1.53182,-0.811274,0.201206,-1.772172,0.089937,-0.132834,-0.451484,-0.062775,0.365253,-0.532732,-0.316194,2.155093
aléatoirement,-0.836879,-0.184931,0.418506,-0.272236,-0.232702,-1.068179,-0.068268,-0.569283,1.22522,0.646324,2.323931,-1.07074,-0.167071,-0.932238,-0.13699,0.945981,-1.74341,-1.398824,1.337971,-0.183347,1.432203,0.166964,0.118292,0.428142,-0.709311,-0.940726,0.541488,0.423885,1.148501,0.848744,0.55929
décagonal,-0.486145,0.489185,-1.013973,-0.637356,0.01063,-0.891388,-0.909915,-0.15335,1.18048,1.308275,0.719429,-0.070964,0.480193,-0.904975,0.671674,0.621547,-0.933397,0.254759,1.875464,-1.360484,0.085198,1.429426,-1.074459,-0.869253,-0.142774,1.821789,1.16258,0.20928,-0.045506,0.082811,1.325088
observable,0.002518,-0.235072,0.662867,0.059478,-0.272291,-0.782637,-2.044322,0.488654,-0.024969,-0.302053,0.868563,-0.773363,-0.471382,0.673986,0.353599,0.064262,-1.271391,0.788521,0.928609,-1.414941,0.469433,0.746439,-0.06364,0.170422,-0.175738,-0.727999,-0.981406,-0.390378,0.612578,0.061523,0.575931
quinze,0.203247,0.088076,-0.112468,0.576552,0.139205,0.32157,0.072579,-0.058267,-0.35016,0.112092,0.703339,0.212216,0.066038,-1.485811,-0.074499,0.224334,-0.439136,-0.700393,-0.007058,-0.178636,0.54696,-0.48654,-0.077953,-0.023407,0.479778,-1.461746,0.669794,0.126279,0.312461,0.323627,-1.010806
Kripke,-0.767221,-0.752689,-0.080576,-0.628695,-0.922509,-0.244117,0.269344,0.207682,0.717002,-0.664321,0.56472,-0.919763,0.808582,1.236254,0.275274,1.918944,-0.58005,-0.151103,0.958248,-1.177736,-0.992916,0.272212,-0.120988,0.627842,0.418574,1.381738,-1.022271,0.932205,0.417663,0.345659,0.806644
similarité,-0.475325,-0.412959,0.947918,0.004688,-0.665693,-0.570441,-1.328364,0.564021,0.360553,-1.060294,0.046054,-1.008306,0.290426,0.596785,0.997301,0.442352,-0.65642,-0.402031,1.027906,-1.21195,0.530184,-0.08894,-0.387085,0.170716,-1.018273,-0.329534,-0.955976,0.726136,0.112919,-0.133124,0.791034
continûment,-0.794533,-1.131407,-0.043587,0.30458,0.177959,-0.80787,-0.814439,0.421386,0.301882,0.646627,-0.07411,-1.31218,0.121047,-0.438329,-0.267378,-0.062756,-1.103529,0.660587,1.349479,-2.233094,0.753344,-0.247297,-0.494582,-0.072956,0.795801,0.990254,0.183709,-0.168135,-1.155564,1.291969,0.143992
quarante,0.092912,-0.15286,-0.138057,0.544404,-0.279686,0.21864,-0.141643,0.084788,-0.494399,0.339988,0.769036,0.40567,0.120638,-1.729761,0.026482,0.234257,-0.372767,-0.745311,0.169585,-0.058461,0.226733,-0.595989,-0.018086,-0.17022,0.465195,-1.124595,0.650577,0.469312,0.308786,0.385378,-1.121557
minimisation,-0.603676,-0.553213,0.376229,-1.195824,-0.73625,-1.137001,-0.146363,0.448431,1.14043,0.139996,-0.294219,-0.565113,-0.268584,0.699654,0.232991,1.258944,-0.937226,1.281619,0.824042,-1.836739,-0.651607,-0.073761,-0.431767,0.241152,0.517824,0.078197,-0.498403,0.440465,0.103231,-0.973039,1.379142
Eisenstein,0.383276,-0.629602,-0.278513,-0.755148,-0.8498,0.567924,-0.609018,-0.287005,-0.069832,0.306777,0.471168,0.485082,0.190232,0.002616,-0.475527,0.750202,-1.228579,-0.152911,0.090386,-1.172447,-0.653396,0.636641,-0.704579,-1.388498,0.199761,1.552566,-0.889687,0.317993,-0.420909,-1.097861,-0.296042
réciprocité,0.603971,-1.200538,0.459229,-0.73133,-0.44727,-0.891341,-0.598804,-1.524288,0.833289,-0.033074,-0.539519,-0.400138,-0.518704,-0.12484,-0.598997,1.03615,-0.13076,0.839056,0.327343,-2.023409,-0.006199,0.660101,0.447801,0.599225,0.018968,0.69001,-1.674902,-0.301188,-0.218543,-0.810356,1.171464
inductif,-1.165262,0.191929,0.386839,-0.486496,-0.898457,-0.719128,-0.110676,-0.725504,1.170395,-0.355837,0.196104,-2.322593,1.007599,0.814127,-0.245509,0.735157,-1.36793,0.527845,0.893242,-1.047978,-0.552996,0.171735,-0.753966,0.713213,0.694407,0.372337,-0.685205,0.052558,0.931706,-0.381632,1.423798
énumérer,-0.112471,0.143025,0.474994,-0.340159,-0.264913,-0.579499,-0.609671,-0.006196,0.304594,0.006135,0.904568,-0.292961,0.013082,-0.53722,0.688246,0.939012,0.378394,-0.68866,-0.805538,-1.128508,0.576677,-0.203503,-0.698406,0.573754,-0.304349,-0.481651,-0.311414,0.946343,-0.210205,-0.206991,0.377397
orthogonalité,-0.083359,0.071359,-0.62117,-1.984693,-0.299196,-1.637266,-1.693015,-0.416759,0.296024,1.032206,-0.553668,-1.093192,0.055981,0.494192,-0.436642,1.191376,-0.728741,0.312368,0.301248,-1.215544,0.132235,0.822182,-0.089332,0.307561,0.31079,0.689139,-1.027609,-0.631104,-0.095018,-0.620132,0.873851
ellipsoïde,-1.645262,-0.464463,-1.201658,0.702093,0.138215,-1.1907,-1.723392,0.878192,1.119453,0.473834,-0.136573,-1.5204,0.203083,-0.084769,-0.760079,0.099474,-1.115504,-0.478309,0.64242,-1.307454,-0.265385,1.806642,0.362447,-0.73798,0.192325,0.290597,-0.052073,-0.478509,0.188211,-0.49599,0.294316
Fraenkel,-0.480536,-1.061694,-0.986397,-0.665153,-0.05232,0.445407,-0.560097,0.408824,-0.096977,1.076448,0.453549,-0.339786,0.797556,1.186682,-0.34045,0.347668,-1.380531,0.322567,-0.107494,-0.890757,0.217755,0.125718,-0.653919,-0.385817,-0.075453,2.801314,-0.022577,1.066033,-0.351652,-0.352174,0.534355
asymptote,-0.596819,-0.598201,-0.090988,-0.494451,0.691749,-1.011756,-1.114447,1.033896,0.886372,0.838524,-0.140218,-0.316538,0.570295,0.956554,-0.406358,0.514066,-0.436356,-0.248838,1.808884,-1.15361,-0.457039,0.201908,-0.8923,0.036079,0.19623,1.415526,0.380525,0.478832,0.161412,-0.659543,0.647484
asymptotiquement,-1.278823,-1.270811,-0.478365,-0.115883,-0.72168,-1.413869,-0.517628,0.335183,-0.052839,1.75343,-0.445256,-0.603232,1.270449,-0.32291,-0.395858,-0.137958,-0.837157,0.023504,1.635925,-1.938824,-0.553158,-0.398337,0.029211,-0.813236,0.465635,1.548858,-0.035305,-0.053038,-0.741447,0.662105,0.626532
maximiser,-0.150143,-0.746279,-0.66806,-0.443143,-0.348428,-1.508632,-0.891474,0.261608,1.426582,0.833884,0.192045,-0.758023,-0.476372,0.198186,-0.543189,0.062611,-1.084005,1.021469,1.450728,-0.843204,-0.207467,-0.606873,0.413267,1.383883,-0.068591,-1.015567,-1.303505,-0.173549,-0.21591,-0.626641,0.125667
complétude,-0.559155,-0.600206,-0.201571,-0.994908,0.192845,-0.743924,-1.244447,0.916649,1.009555,0.638158,0.152998,-0.554943,-0.438265,0.37008,-0.294059,0.81949,-0.945442,0.536712,0.28205,-1.542362,0.028605,0.086555,-1.363859,0.474555,0.124126,1.529202,-0.737479,0.265479,0.184422,-0.890174,0.61228
jacobien,-0.293522,-0.646259,-0.053208,0.045554,-0.560648,-0.582487,-1.22873,-0.047953,0.729085,0.131854,0.16139,-0.941935,0.545383,0.261175,0.304752,0.832818,-1.472526,-0.628955,0.929198,-1.332326,0.306092,0.304554,-0.541409,0.484416,-0.432909,1.960379,-0.481881,0.908971,0.154427,-0.034815,1.346843
propositionnel,-0.140235,0.164851,0.133803,-0.423776,0.157391,-0.135549,-0.159163,0.513446,1.779565,1.47472,-0.047672,-0.897889,1.338389,0.958059,0.164711,1.49282,-1.506411,0.078679,1.010385,-1.8585,0.487081,0.173386,-1.253337,-0.090795,-0.446047,0.833743,0.54479,0.478053,-0.47228,0.360114,1.74175
irrationalité,-0.598508,-0.985479,-0.533527,-1.27087,-1.223798,-0.644031,-0.986633,0.037923,0.745002,0.747684,-0.690407,-0.355948,0.678712,0.840061,0.472036,0.855479,-0.970031,1.071496,0.333537,-1.556477,-0.154691,-0.248802,-0.212345,0.160702,-0.174548,1.380569,-0.963894,0.033454,-0.278346,-0.559942,0.673541
corréler,-0.253782,-0.257027,0.3749,0.10189,-0.066422,-0.246156,-1.391431,0.927939,0.696166,-1.037707,0.053838,-1.250081,-0.287112,0.673791,0.752522,0.363442,-1.6737,1.11856,0.822563,-1.246629,0.796017,0.20194,-0.20138,0.490229,-0.197052,-0.708234,-0.959683,0.247687,-0.305485,0.018836,-0.121824
cylindrique,-1.466486,0.977412,-0.82067,0.319999,0.631533,-0.782024,-1.8315,0.078213,0.034865,1.055269,0.049927,-1.241255,0.87544,-0.55731,0.099337,-1.099815,-0.743159,-0.961828,1.606803,-0.036763,-0.139064,1.249863,0.126499,-0.684844,0.622496,-0.930966,0.331536,0.370076,0.098623,-0.834685,0.908051
trapèze,-1.154276,0.198426,0.034871,-0.456617,0.226797,-0.33275,-0.889429,0.016345,0.635774,0.460454,0.043887,-0.905592,0.780744,-0.082669,-0.817937,0.067653,-0.635728,-0.929608,1.530806,-0.454044,-0.628764,0.954909,-0.531389,-1.276976,0.368198,0.807676,0.305874,-1.044614,0.111747,-0.572753,0.059699
losange,-1.029732,0.422666,-0.72565,-0.16063,0.676309,-0.329653,-1.28809,0.437341,-0.245235,1.045109,0.09068,0.355125,0.207483,-0.439235,-0.481261,0.283497,0.20908,-1.830479,1.89701,-1.007847,0.24345,1.755981,-0.203973,-0.671895,0.106833,-0.62618,0.131582,0.095516,0.546126,-0.235484,1.123725
cardinalité,-1.407999,-0.225153,-0.185439,-0.934406,-0.092512,-0.966222,-0.661412,-0.063615,1.014634,0.345999,0.210232,-0.638962,0.053688,0.280277,0.017614,1.136019,-1.054369,-0.383762,0.536389,-1.419663,0.155802,0.117602,-0.274039,0.480861,0.329078,1.102612,-0.99321,-0.848627,0.112044,-0.569837,0.160151
inéquation,-0.318343,-0.279883,-0.602252,-0.978151,0.062518,-0.525557,-0.434918,0.41915,1.087295,0.798191,-0.087148,-0.751143,0.924521,-0.824885,-0.652166,1.150498,-1.937841,0.365353,-0.391251,-2.047715,-0.326776,0.626031,-0.846617,0.037425,-0.149763,1.972396,0.083872,0.782852,-0.065933,-0.252146,1.481037
ensembliste,-0.982052,-0.060202,-0.199985,-1.673168,0.222031,-1.074641,-0.541307,-0.749163,1.022212,-0.70348,0.254876,0.376111,2.358154,0.60863,-0.72979,1.458997,-1.34139,-0.065284,0.517932,-1.292708,0.293814,0.065512,-1.340756,0.006512,-0.807639,1.792932,-0.320933,-0.266306,0.688457,0.979646,0.676842
parabolique,-0.737298,-0.064813,0.089653,0.328968,0.615317,-1.391469,-0.953185,0.07443,0.343561,0.416517,0.286202,-1.075085,-0.067877,0.402765,-2.071733,-0.314334,-1.475509,-0.093068,1.504652,-0.796853,-0.293534,0.976601,-0.505304,-0.473554,0.848716,0.127185,0.562015,0.278051,0.623138,-0.586512,0.630875
Pell,-0.833869,-0.032116,-0.467129,-1.112859,0.14044,-0.360343,0.997488,-0.301756,0.188357,-0.057424,-0.054183,-0.406871,-0.234701,0.432735,0.404288,0.553963,-0.432112,-0.428968,0.119953,0.0125,-0.109573,-0.147577,-0.192926,-0.281236,-0.008879,1.57458,-0.511527,0.509015,-0.244212,-1.661933,0.677934
attracteur,-1.171944,0.681643,-0.813431,-1.313006,-0.94723,-0.228063,-0.693453,-0.216456,0.843682,-0.432026,0.940395,-1.567928,0.544361,0.810446,0.126474,1.102365,-1.425798,1.355253,0.83648,-0.533342,-0.029053,0.89878,-1.437027,-0.596886,0.80984,1.316341,-1.409414,-0.532758,0.589527,1.08119,0.478037
noethérien,-1.161393,0.939888,-0.786068,-2.27583,-0.698743,-1.397112,-0.577588,-1.623864,0.53351,0.64437,0.769758,0.021257,-0.483965,0.224241,-0.364208,1.498465,-0.557687,-0.793463,2.016738,-0.379314,0.615931,0.755792,-1.045776,0.237455,0.925963,0.41185,-1.353027,-1.774284,0.769702,0.146066,0.630248
soustraire,-0.390654,-0.246227,0.237124,-1.239554,-0.350151,-0.64471,-0.396545,-0.80355,0.382347,0.637842,0.246799,0.005066,0.207425,0.067307,0.037004,0.423595,-0.282632,0.457309,0.224876,-0.935839,0.848297,-0.573876,-0.055685,1.134439,0.687432,-0.439676,-0.447144,0.412306,-0.588351,0.124073,-0.075677
treize,0.103587,0.105037,0.016199,0.527467,-0.097447,0.254406,0.060187,-0.232126,-0.338445,0.136203,0.835392,0.210406,-0.037489,-1.26498,0.057474,0.326973,-0.194623,-0.997719,-0.102694,0.189926,0.700533,-0.216233,0.035522,-0.279732,0.204923,-1.154925,0.632589,0.082841,0.441609,0.497302,-0.854798
exponentiation,-1.08237,0.5434,-1.228569,-1.155524,-0.640795,-1.598962,-0.828329,-0.675402,1.468575,0.271326,0.980751,-0.679237,0.849987,-0.009919,-1.265811,0.351455,-1.47214,-0.173819,1.323144,-0.975217,-1.11072,0.52829,-1.105034,-0.040515,-0.210831,1.658494,-0.440388,0.028431,-0.669407,-0.116776,0.394946
Hermite,-0.757631,-0.387714,0.246497,-0.954373,0.109756,-0.360721,-0.002649,-0.13474,-0.843004,0.349942,0.673595,-1.564378,0.34469,0.051779,-0.780116,0.061658,0.044783,-0.277958,-0.544782,-1.575609,0.757142,0.806058,0.441809,-1.122672,-1.049808,1.404372,0.33756,1.038465,0.461812,-0.378293,0.765369
atlas,-0.43211,0.138107,-0.030393,0.232962,-0.331898,-0.925445,-0.124378,0.748434,-0.40708,-0.480523,0.628138,0.339213,-0.063299,0.746345,0.067095,-0.789599,0.273174,0.159932,-0.694737,0.409568,-0.796975,0.314161,0.380915,-0.547085,-1.063588,0.060705,0.728888,0.211893,0.646286,0.13718,0.622441
convexité,-1.484127,-0.790807,-0.156236,0.014242,-0.455743,-1.171546,-0.834559,0.379093,0.774714,0.028485,-0.746554,-1.316836,1.021907,0.419086,0.109291,0.415305,-0.519558,0.159362,1.757834,-1.706117,-0.081809,-0.018016,-0.652112,-0.247521,0.917578,1.524372,0.880827,0.342852,0.012428,0.69926,0.285092
Weierstrass,-0.304165,-0.727553,-0.404302,-1.441423,-1.160879,0.88615,-0.075397,-0.764922,0.337876,0.166831,1.049399,-0.473769,0.339834,0.484448,-0.234143,0.732148,-2.186569,-0.211061,0.047702,-1.543339,-0.147254,0.817874,-1.413537,0.294397,-0.400914,2.302997,-0.83761,-0.003041,-1.350584,-0.288657,0.287062
Baire,-0.711282,-0.216865,0.341771,-1.490675,0.267972,-0.241081,-0.346504,-0.234944,0.492993,0.457402,0.119575,-0.767775,1.254941,0.38001,0.103177,1.149592,-1.325198,0.157426,-0.113148,-1.912304,-0.260863,1.155732,0.192255,-0.455845,0.05218,2.482396,-0.047642,-0.837133,-0.584158,-0.073938,0.261203
médiane,-0.1133,0.841919,-1.636204,-0.045111,-0.317724,-2.67985,0.249471,0.587914,2.001344,-0.972198,-0.386069,-1.841518,-0.091099,-0.628541,0.619445,3.324722,1.963638,0.253686,0.647902,-1.790758,0.347255,0.31446,-0.375946,0.245756,0.055096,-0.339785,0.132233,0.151736,0.288496,0.870586,-0.39181
rhombique,-0.625193,0.344054,-0.225535,-0.360053,1.371194,-1.315895,-0.559931,0.985968,0.930671,1.227546,-0.184061,-1.075588,0.077665,0.101294,-0.672617,0.868865,-1.478045,-0.110729,1.737706,-1.346807,0.616582,0.931613,-1.0657,-1.376677,0.029521,1.326435,0.807342,-0.53121,0.52641,0.044103,1.484871
simplicial,-1.066793,0.476297,-0.645373,-0.80481,-0.080837,-1.125728,-1.298482,0.727784,0.941904,0.321697,0.429332,-0.909183,1.151435,0.537041,-0.132482,0.844169,-1.376984,0.009848,1.127389,-1.511702,-0.634107,0.769014,-1.176157,-0.214784,-0.329677,2.019975,-0.185763,0.422063,-0.258746,-0.220415,0.526171
Student,0.482214,0.213359,0.419817,0.660225,1.037676,0.410879,-0.034504,0.015003,2.012149,0.368853,0.380884,0.372948,0.764597,1.419564,-0.153633,0.632451,0.568354,0.405579,-0.2208,0.496729,-0.4305,-0.089153,-0.7631,0.050677,-0.309619,1.374158,-0.343861,-1.037179,-0.020349,-0.24997,-0.534971
maillage,-0.494076,0.436891,-0.872906,-0.960792,0.387956,-1.921031,-1.10614,0.167741,0.329449,-0.334921,-0.166739,-0.810868,0.780151,0.232703,-0.33263,-0.064671,-0.265445,-0.082722,1.476656,-1.06963,-0.548236,-0.064982,-0.871863,0.278583,-0.233777,-0.420794,-0.131406,-0.417326,0.337554,0.33524,0.871279
Sobolev,-0.131704,-0.635869,-0.262409,-1.164827,-0.113755,0.074625,-0.19297,-0.336471,0.166097,-0.115539,0.939684,0.226853,0.79534,0.455733,-0.340928,0.875828,-2.138217,-0.511318,-0.394261,-0.88992,0.204882,-0.143808,-1.068228,-0.444921,-0.419136,2.090809,-0.555077,0.825647,-0.470243,-0.885218,0.424068
transposition,0.519821,0.286035,0.393945,-0.515152,-0.45917,-0.223471,-0.553528,-0.577582,0.490974,-0.117638,-0.279911,-0.874567,0.358199,-0.873584,-0.862937,0.271271,-0.633592,-0.210145,0.588938,-1.455674,-0.160212,0.658385,-0.096551,-0.045662,-0.797718,-0.025203,-0.843106,0.379967,0.03563,-0.309359,1.172251
Zorn,-0.616947,-0.017226,-0.581863,-0.574405,0.870443,0.500785,0.276207,0.426009,-0.135626,-1.120862,1.658552,-0.089746,1.183242,0.282222,0.237613,0.342405,-0.478683,0.118455,0.472085,0.320256,-0.244265,0.483678,0.218087,-0.016829,-0.593205,1.34282,-1.074817,0.735245,0.499311,1.080872,0.482007
minorer,-0.146235,-0.063292,0.008652,-0.392269,-0.477642,-0.971847,-0.57542,0.420638,0.247544,0.217484,0.032074,-0.015588,0.22967,0.414467,0.6471,0.761501,-0.846412,0.48945,0.505521,-1.920859,-0.063449,-0.385729,0.480681,1.138665,-0.578947,1.646583,-1.498915,0.417086,-1.278375,0.064374,0.208317
circonférence,-1.659829,0.220819,-0.06139,0.511333,0.05961,-1.592518,-2.412639,0.813993,-0.160032,0.051823,0.537116,-0.341345,0.182054,-0.140202,0.057781,-0.032584,-1.181161,-0.433477,0.862672,-0.857725,0.609495,0.395632,0.173297,0.178633,0.675379,0.181304,0.77202,0.182463,1.234396,-1.041772,-1.211675
Skolem,-0.366047,-0.234919,-0.083449,-1.661294,-0.364172,-0.039865,-0.279921,0.547283,0.677349,0.730974,0.871909,-0.261728,0.389747,-0.201971,-0.025705,1.465502,-1.835652,0.063956,0.332234,-2.257371,-0.12173,0.950627,-0.826147,-0.092735,-0.846094,2.823047,0.559253,0.681684,-0.603135,0.035911,0.317505
sommable,-1.822419,0.654587,-2.16703,-1.877036,0.01718,-0.396922,-1.362319,1.17682,0.258717,2.100968,-0.038398,-0.816766,1.564077,-0.927112,0.264073,1.302468,-0.130088,-1.008085,1.442199,-1.994684,-0.021572,0.692274,-1.43516,0.077971,0.642532,1.425375,-0.080955,0.325043,-0.271236,0.299694,0.273967
encadrement,0.16495,0.526605,-1.608529,-0.656975,0.523448,0.024907,-0.285655,-0.217461,0.976639,0.39291,-0.374797,-0.033199,0.903321,0.024274,0.219781,0.210066,-0.320276,-0.675733,1.174916,0.040537,0.0293,-0.684209,-1.303998,0.781739,-0.795714,-1.124469,0.690506,-0.250249,0.72438,-1.259077,0.099992
involution,-0.960188,-0.23703,0.359643,-1.049197,-0.201043,-0.351664,-1.189341,0.231178,1.856328,0.483328,-0.52222,-1.073776,-0.03267,0.265974,0.167603,0.65128,-0.905985,0.153589,0.229338,-0.260732,-0.836657,0.742445,-1.502002,0.247353,0.907655,1.671396,0.3143,-0.739758,0.504403,0.182684,1.611156
sixième,0.51253,-0.277778,0.338528,0.068538,0.287104,0.444217,-0.205664,0.160302,0.030177,-0.201453,0.481014,0.52409,-0.478068,-1.428166,-0.161265,0.134375,-0.612814,-1.084236,0.008592,0.532078,-0.081388,0.23043,0.408619,0.814936,-0.119426,-0.535047,1.090419,-0.50033,0.705391,0.797215,-0.686178
martingale,-0.897079,-0.141151,-0.322579,-0.790966,-0.354305,-1.340761,-0.535559,-0.027969,0.57362,1.342462,0.098659,-0.701147,-0.622803,-0.062372,-0.782091,0.608573,-1.164915,0.016066,0.687864,-1.607154,-0.033063,0.756444,-0.261821,-0.489273,0.194668,1.932087,-0.098146,-0.009318,-0.357077,-1.339164,0.510778
circonscrit,-0.441739,-0.626746,0.106906,-0.910899,-0.151789,-1.096778,-1.57051,-0.364037,0.004324,0.129825,1.031144,-0.947346,0.880868,0.406686,0.337437,0.788338,-0.702139,-0.337411,1.419781,-1.854566,0.150422,0.251815,-0.557584,-0.868887,0.184644,1.044305,-0.339226,-0.340145,-0.288197,0.484505,0.092387
isocèle,-1.549393,-0.57203,-0.609432,-0.007822,0.583176,-0.288,-1.360677,-0.229641,0.930683,0.482166,0.753427,-1.171977,1.562676,0.032408,-0.946084,0.442195,-0.13475,-0.834749,1.427432,-1.522835,-0.372293,1.597341,-0.237442,-0.975098,0.171967,1.520654,-0.75778,-0.944741,0.186044,0.124898,0.022511
Schwarz,0.076464,0.279974,-0.871683,-0.355504,0.201451,1.473777,0.165037,0.223713,-0.969887,0.534641,0.36731,1.021605,0.357756,1.072954,0.010554,0.028658,-0.771185,0.020672,-0.409687,0.004158,-0.277401,0.381905,-0.239307,0.116838,-0.3634,0.973189,-0.93877,-0.279271,-0.154043,-0.336156,0.622864
énumérable,-1.070184,-0.196309,-0.19661,-0.465162,-0.207861,-0.567115,-0.298218,0.494553,0.923363,0.727782,0.713291,-1.157074,1.075987,0.096903,-0.363541,0.553896,-1.103988,-0.114892,-0.101983,-1.694574,-0.590087,0.169551,-1.014466,-0.091051,-0.636457,2.451312,-0.815836,0.034794,-0.479909,-0.000164,0.822841
médiatrice,0.456571,-0.661705,-0.400487,-1.390746,1.218792,-0.769417,-0.566114,-0.615045,0.222707,0.383634,-0.316994,-0.802236,0.501093,0.954796,-0.528177,1.105727,-0.429536,-0.005528,0.655543,-1.104206,1.052934,-0.280226,-0.657434,0.065103,0.210081,1.264587,-0.860543,0.041724,0.440191,-0.818244,0.485018
méromorphe,-0.503495,0.148595,-0.659524,-0.836989,0.444574,-1.086969,-0.902453,0.259684,1.400945,-0.050164,0.120561,-1.820234,0.973815,0.355131,-0.478538,0.791489,-1.110436,0.022445,-0.232348,-1.87316,-0.4758,0.452227,-1.531789,0.640728,0.278089,1.295334,-0.285564,-0.03791,-0.98475,-0.211183,0.799487
ultrafiltre,-1.144078,-0.223326,-0.559224,-0.498934,-0.621533,-1.365758,-0.476024,0.516635,0.860427,0.398364,0.688199,-0.199189,0.931402,-0.280637,0.042416,0.693324,-1.017728,0.324714,0.528416,-2.152703,-0.461117,-0.312553,-0.664006,0.604492,-0.554556,1.233638,-0.118078,0.0944,-0.424177,0.081118,0.178617
connexité,-0.808557,-0.254469,0.327633,-1.308016,-1.28943,-1.371838,-0.786162,-0.396323,-0.262234,-0.045306,-0.674949,0.034507,-0.031058,0.703611,0.277831,0.47152,-0.608469,0.23538,1.066245,-2.669894,-0.288786,0.077011,-0.733034,0.488453,-0.224447,1.51504,-0.323238,-0.287758,-0.519743,-0.497166,1.07629
Karp,-0.982926,-0.306923,-0.959526,-0.450014,-0.2836,0.14714,0.083446,0.218741,0.644981,0.207077,0.359976,-0.454187,0.091929,1.04572,0.632898,1.05197,-1.207665,-0.472666,-0.102139,-0.406857,0.292382,0.365275,-0.265446,-0.639538,-0.374788,1.687018,-0.673208,0.033615,-0.410611,-1.16427,0.374783
discontinuité,0.313334,-0.318856,-0.12734,-1.03812,-0.289563,-0.995462,-1.729936,0.372437,0.253687,-0.701894,0.300248,-0.848313,0.380375,0.040972,0.146898,0.442504,-1.28154,0.724751,0.456303,-1.30062,-0.846413,0.710038,-0.723854,0.000623,0.175667,0.297425,-0.052144,-0.101685,0.407987,0.393836,1.090216
existentiel,0.459117,-0.501213,1.068029,-1.173744,-1.762103,0.210257,-0.837787,-0.312263,0.136434,0.196334,-0.521205,-0.635674,0.794202,0.398032,-0.586223,0.592726,-0.993933,1.367121,0.318876,-1.656609,-0.473347,-0.39342,-0.024912,-0.100207,-0.636648,-0.104025,-0.962508,-0.035224,0.354017,-0.447476,0.109289
inconnue,-0.279679,0.245403,1.162248,-1.077489,-0.626382,0.741742,-0.449408,0.43908,-0.910308,0.834045,-0.058947,-0.112863,-0.821531,-0.362186,-0.456992,0.370366,-0.291102,0.323154,0.277841,-1.320473,-0.244606,0.306539,-0.70364,-0.278148,0.594453,1.503161,-0.737036,-0.16352,0.753153,-0.69194,0.070836
résoluble,-0.94254,0.976808,0.757175,-0.972227,-0.846877,0.495388,-0.415027,-0.120126,0.607233,-0.485708,-0.222142,-1.777602,-0.57409,0.136249,1.317891,1.19122,-1.815208,-0.892462,0.074245,-0.584851,0.605049,1.058859,-0.85491,1.285577,0.286969,0.875124,-1.615214,-1.88245,-1.18293,1.312434,1.052134
arité,-0.628806,-0.128606,-0.227379,-1.022614,-0.094023,-0.522233,-0.058605,0.039,0.627338,0.5939,0.714163,-1.048376,0.006803,0.038337,-0.786504,1.409171,-1.000212,-0.845634,-0.049113,-1.962408,0.118945,0.414309,-1.695523,0.366363,0.126346,1.463145,-0.912446,-0.255088,-0.531963,-0.005228,0.94093
homographie,-0.427998,0.005608,0.564612,-1.962902,-0.51763,-0.452542,0.373777,0.44144,-0.225282,0.49206,-0.050894,-0.648732,-0.307392,-0.205893,0.864006,0.883853,-0.955746,0.903886,1.326432,-1.930882,-0.160262,0.08758,-0.572909,-0.306085,-0.162215,1.466802,-0.2289,-0.008507,-0.626935,-0.136672,1.244955
ternaire,-1.22234,0.385373,-0.644548,-0.159056,-0.579285,-0.180124,-1.011506,-0.397571,1.238222,-0.473764,0.3359,-0.800804,1.20868,-0.909531,0.035947,0.283339,-1.834477,0.011665,0.905726,-0.827142,-0.169863,1.187042,-0.932833,-0.524188,-0.200816,0.448,-0.924621,-0.061335,0.523359,0.586848,1.555487
injectif,-0.806862,0.698995,1.47908,-1.088933,0.81127,-1.700391,-1.314238,-0.400219,0.974583,0.9382,0.634819,-1.307103,0.664139,0.321689,-1.053373,0.775983,-1.803766,-0.327781,-0.265227,-0.217957,0.366691,0.8297,-0.323437,-0.246229,1.336358,0.69516,-1.643961,-0.440898,0.079202,-0.264978,1.445651
irrégulier,-0.763129,-0.042793,0.249787,-0.143998,0.405868,-0.265739,-1.506307,0.557865,0.24199,-0.010416,0.161026,-0.69858,0.824629,-0.563118,0.228656,-0.252452,-0.598518,-0.234406,1.209542,-1.23303,-0.00321,0.767274,0.09968,-0.819735,0.316441,-1.554542,0.605732,0.110427,-0.352477,-0.131386,-0.058286
septième,0.524718,-0.371334,0.344075,0.015676,0.054436,0.437944,-0.205641,0.049045,0.025494,-0.139566,0.357043,0.540504,-0.37102,-1.693856,-0.145935,0.28618,-0.75816,-1.053877,-0.104167,0.620661,0.159989,0.292705,0.518888,0.616466,-0.205921,-0.483665,0.988636,-0.401,0.67673,0.783708,-0.735824
Galton,0.27494,-1.402308,-0.67902,-0.328399,-0.384973,-0.214346,-0.585476,0.528157,0.564041,1.086457,1.232996,-1.888356,-0.737617,1.078526,0.495776,0.49216,-0.786635,-0.209595,-0.071068,-0.498228,-0.522106,0.401771,0.085867,0.152651,-0.455002,1.972243,0.031198,-0.012308,-0.056832,-0.613127,0.457103
Lipschitz,-0.599486,0.021874,-0.570965,-0.981075,-0.285043,0.004873,0.516447,0.300446,-0.317627,0.156259,0.57431,-1.138957,0.132725,1.006275,0.418451,0.973489,-1.937736,0.325604,0.512746,-1.062477,-0.317238,0.184047,-0.838324,0.083997,0.527107,2.671486,-0.45355,0.132259,-0.07025,-0.413043,1.066276
monôme,-0.859841,-0.430443,-1.052895,0.341163,-0.182179,-0.30071,-1.432803,0.126251,1.437699,-0.052902,-0.699937,-1.577106,0.428309,-0.560908,0.108118,1.150316,-1.078302,-0.133162,1.032821,-1.624513,1.34152,1.353571,0.713976,0.813723,-0.670051,1.423285,-0.23604,-0.341778,-0.071353,0.750683,-0.291961
proportionnalité,-0.342417,-0.541706,0.15712,-0.178593,-0.443368,-1.046283,-2.012961,0.201429,1.122532,-0.66693,-0.214989,-0.232648,0.708133,-0.034218,0.17516,1.139265,-0.556991,0.120583,-0.518152,-1.879712,-0.356614,0.709844,-0.531254,1.425729,0.806549,-0.286004,-0.521038,0.613703,-0.485813,0.02378,0.696614
rectangulaire,-0.556444,1.550612,-0.47149,-0.279322,0.438749,-0.761042,-2.513373,-0.278673,-0.56351,0.772763,-0.08358,-0.365583,1.392598,-0.934971,0.255149,-0.633976,0.322192,-1.904787,2.358736,0.380986,0.098609,0.819564,-0.401033,-0.191139,0.676833,-1.271855,0.489132,0.897719,0.540503,-0.347346,0.134383
pyramidal,-0.19034,1.001424,-0.305554,-0.818936,0.12841,-0.723884,-2.062621,0.273985,0.397952,0.384388,-0.445574,-0.894198,0.434318,0.519251,1.433409,0.278688,-0.724201,-0.861877,1.402289,0.450055,0.249973,0.779564,-0.837108,-0.615714,-0.013042,-0.197266,0.857771,-0.394742,0.066347,-0.473091,0.815095
Zariski,-0.627254,-0.337064,0.352125,-1.295863,0.431683,-0.886792,-0.104769,0.350862,-0.134886,0.188497,0.466307,-1.652743,-0.711849,0.152045,-0.14802,1.16584,-0.77895,-0.628558,1.764727,-1.414403,-0.413493,0.672691,-1.045248,-1.211842,0.533831,2.216578,-0.316289,-1.198788,0.787562,-0.630481,0.78993
acyclique,-1.49561,-0.695009,-0.831857,0.215745,0.982772,-1.113565,-0.759678,0.073626,-0.288315,-0.416027,0.737428,-0.583237,1.517699,0.67128,-0.497922,0.580934,-1.741807,0.38265,1.054486,-1.497942,0.609588,0.303184,-1.524231,-2.228098,0.869359,2.236936,-2.516199,0.062555,0.689247,0.722135,1.353003
dixième,0.512842,-0.32704,0.256989,-0.170125,0.403864,0.299114,-0.181856,0.418062,0.105434,-0.321156,0.543201,0.597517,-0.242959,-1.97556,-0.135716,0.298066,-0.919325,-1.167503,0.280715,0.153739,-0.068938,0.112326,0.310185,0.540658,-0.337882,-0.293624,1.147983,-0.350829,0.425494,0.859747,-0.777056
octogonal,-0.560745,0.809127,-0.639842,-0.808902,0.456022,-0.543915,-2.693943,-0.545356,-0.20209,0.738639,-0.126465,-0.323222,1.546213,-0.529478,0.280721,-0.690714,0.018616,-1.43333,2.164535,0.689475,-0.035273,0.850263,-0.502076,-0.163397,0.41986,-0.080308,1.018221,0.849893,0.719381,-0.498302,0.191852
seize,0.090435,0.227357,-0.089658,0.635505,-0.035697,0.206558,-0.21262,-0.053932,0.050696,0.182934,0.657795,0.181799,0.085378,-1.44537,-0.03194,0.144383,-0.36025,-0.99959,0.111453,0.133849,0.783706,-0.336537,-0.473341,-0.008392,0.402783,-1.159089,0.829936,-0.154328,0.401515,0.481948,-1.002656
lexicographique,-0.517764,-0.443395,-0.079907,-0.171348,-0.361445,-1.074791,-0.6657,0.11589,0.651491,-0.832904,0.994861,-1.035652,0.790436,-0.091011,-0.229728,-0.111415,-0.092492,0.312322,0.08612,-2.399414,-0.489313,0.095042,-0.836919,-0.304378,-1.658316,0.768009,0.103425,1.163678,0.20141,-0.586362,1.004207
marginal,-0.092209,-0.359605,-0.095421,0.50268,-0.560979,-0.202419,-1.046955,0.783431,0.253676,0.163202,-1.0327,-0.701477,0.314806,0.104935,0.5752,0.211193,-0.133237,0.174179,1.193179,-1.150786,0.060446,0.075282,0.370728,-0.332127,-0.336926,-0.906641,-0.762584,-0.264858,-0.497316,0.240783,0.165613
Fischer,0.440837,0.08898,-0.87773,0.500162,0.130756,1.621745,-0.083369,0.131527,-1.114281,0.211643,1.175128,0.861027,0.066345,0.795991,0.0086,-0.373699,-0.873889,-0.290975,-1.139271,-0.026503,-0.311489,0.521121,0.076287,0.747654,-0.528234,0.624607,-1.297742,-0.420225,-0.25902,0.18363,0.512739
bidimensionnel,-0.33415,0.538646,-0.288328,-0.19412,-0.50222,-0.456994,-1.62992,0.401808,0.522687,0.356993,0.402288,-0.849604,0.597931,1.155622,-0.194706,0.366784,-1.473117,0.411223,1.957437,-1.056599,-0.530111,1.29837,-1.061721,-0.136558,0.369791,-0.047776,-0.397941,0.774742,0.91552,-0.191244,1.957471
conjugué,-1.629113,0.120561,-0.427283,-0.109896,-0.52687,-0.66048,-0.526379,-0.194842,1.074378,0.280628,-0.069066,-0.671109,0.436334,0.121309,0.272437,0.985514,-1.428617,-0.150743,0.575318,-1.247535,0.735694,0.543857,-1.276821,0.064947,0.849163,0.8003,-0.605601,0.140076,-0.55079,0.137865,0.916967
isopérimétrique,-0.263936,-0.303871,-0.11322,-0.749167,-1.556765,-0.41162,-0.336278,0.912739,1.117167,0.27264,0.102234,-1.099067,0.790128,0.679117,0.10051,1.181067,-1.502362,0.61871,0.935937,-2.027368,-0.81507,-0.054261,-0.732606,-0.392169,-1.502321,1.936723,-1.17915,-0.050745,-0.961538,0.180077,0.602214
unaire,-2.108653,-1.134521,0.878887,-0.851829,0.056525,-0.379884,0.662929,-0.028859,1.533376,-0.477036,-0.189636,-0.130474,-0.67686,0.413218,-0.817798,0.640417,-0.139355,-0.999127,1.192137,-2.539248,0.155627,1.207264,-1.236406,-0.481807,0.502075,0.432208,0.820341,-0.055453,-1.209014,-0.705175,1.398257
Bruijn,-1.083945,-0.427077,0.515674,-0.655395,0.756554,-0.756003,0.465096,0.47444,-0.573186,-0.120548,-0.174817,0.179368,0.822311,1.481308,0.081318,-0.475905,-1.392213,-0.416795,0.09851,-2.089281,-0.795763,-0.73089,-0.516876,0.103602,-0.695469,2.508658,-0.597878,-0.602752,-1.586261,-1.433057,0.80305
Cesàro,-0.297978,-0.081736,-0.272345,-1.119645,0.49254,-0.539735,0.30196,0.520709,-0.46202,-0.333615,-0.171987,-0.527897,0.59939,0.414093,0.032262,1.025696,-1.467088,-1.105687,0.075903,-1.206826,0.043122,0.249235,-0.737568,-1.309385,-0.4853,3.097793,-0.073979,0.123334,-1.401957,-0.968526,-0.026481
déformer,-0.975105,-0.08666,1.098582,-0.374698,-0.154957,0.405465,-1.093415,0.260031,0.042944,0.335331,-0.079759,-1.110666,0.76721,0.59965,0.390895,-0.709226,-0.983003,0.389357,1.447451,-0.76935,0.08463,0.419553,-0.200756,-0.309999,0.282354,-0.974791,-0.41997,0.168294,-0.141366,0.093117,1.194926
encadrer,-0.145594,0.629888,-0.884774,-0.416753,0.438778,-0.428747,-1.31247,-0.739199,0.277039,0.81147,-0.024344,-0.371818,1.299128,-0.253587,-0.356246,-0.109818,0.36297,-1.03157,1.165143,-0.30998,0.372322,-0.181366,-0.886222,-0.125,0.078667,-1.66049,0.521786,-0.094325,0.630238,-0.836012,-0.237627
polyédrique,-0.811001,0.872867,-0.897617,-0.630877,-0.549505,-0.520828,-1.099656,0.03144,0.78509,0.630262,-0.149681,-1.985401,1.145007,0.637544,0.271016,0.708509,-1.037422,0.263581,1.116944,-0.852655,0.350639,0.706409,-0.87661,-1.103897,-0.257253,1.708048,0.001562,0.286113,-0.3189,0.405733,0.554162
Bézout,-1.024915,-0.223508,0.490205,-1.447554,-0.473933,-0.410855,0.103843,-1.173649,-0.040858,0.058714,-0.181722,-1.634234,-0.708532,0.982071,0.447458,1.550118,-0.808715,-1.202131,0.665736,-1.598523,1.335237,1.081974,-0.986383,0.60287,0.410839,1.61148,0.044402,0.090919,0.323394,-0.567284,2.340438
Goldbach,-0.432364,-0.121246,-0.749528,-0.707839,0.377729,-0.847684,-0.221201,0.38014,-0.917446,-0.512987,0.536645,-0.111319,0.29408,1.593197,0.401479,0.655611,-0.302954,-0.141677,1.500737,-1.431539,0.185331,0.40777,-0.389691,0.380702,-0.165595,2.182641,-0.492159,0.244609,-0.391066,1.0249,0.959869
holonomie,-0.702302,0.408252,0.04939,-0.382799,-0.072566,-1.068867,-0.304897,0.645446,0.844854,0.412373,0.405985,-1.025485,0.52299,0.516441,-0.385122,0.435737,-1.001614,0.20425,0.994423,-1.375293,-0.950244,0.430599,-0.670666,0.214817,-0.308866,1.642787,-0.791598,-0.00294,-0.67109,-0.019994,0.953418
colinéaire,-0.839632,-0.116281,1.372012,-1.598285,0.189434,-1.409275,-0.394506,-0.279851,0.875926,-0.174276,-0.040566,-1.72587,0.349495,0.541181,-1.443635,1.603947,-1.503947,-0.136677,-0.045009,-1.288704,-0.740133,1.316069,-0.181271,-0.431668,1.377824,0.271223,-0.23701,-2.140717,0.177735,0.278218,0.762841
décroître,-0.273216,-0.989165,-0.056033,0.582246,-0.14452,-0.375329,-1.578948,0.619326,0.052456,-0.611032,0.062918,-0.398034,-0.292786,-0.708424,0.30757,-0.371493,-1.640547,1.755098,0.801982,-1.091882,-0.090845,0.540142,0.462019,0.190683,1.323558,-0.023727,-0.804978,-0.334679,-0.657429,1.435471,-0.732562
Carmichael,-0.300803,-0.993497,-0.479691,-0.007422,0.760952,0.5678,0.617514,0.497511,0.713332,-0.35805,0.264833,-0.681693,-0.332185,0.766043,0.579154,0.993819,-0.283355,-0.489052,0.384481,0.269507,-0.401199,0.444344,0.802042,0.0058,0.447962,1.266896,-1.19406,-0.180352,-0.283829,-0.643826,-0.056925
factoriser,-2.557303,-0.162899,-0.515456,0.335714,-1.916483,-0.68706,-0.586657,1.171651,1.122191,0.971227,-0.388858,-0.379626,-0.20802,-0.137199,1.047482,1.217588,-0.707417,-0.720144,0.576745,-1.61191,0.04719,0.004072,-1.190688,0.314286,0.849437,0.836364,-0.163824,0.369549,-0.073825,-0.216464,0.960188
Navier,-0.185132,-0.923215,0.089378,-0.464693,0.26391,-0.809538,-0.49167,1.110194,0.871028,0.482017,0.267662,-0.629438,-0.640208,0.380208,0.787547,-0.27005,0.160761,0.256952,-0.30151,-0.466024,-1.999895,0.626961,0.014109,-0.375873,-0.364078,2.354553,0.133356,-0.413215,-0.760106,-1.023814,1.324881
sécante,-0.723459,-0.212125,-0.401108,-0.353156,0.094311,-0.931614,-0.602999,0.831057,0.88672,0.784227,-0.211071,-1.209207,0.792086,-0.085218,-0.320837,1.446344,-1.506907,-0.496818,0.332458,-1.656344,-0.191162,1.10516,-0.528566,-1.223567,0.038104,2.631721,0.048072,0.108823,-0.729335,0.240642,0.855463
Sturm,-0.168175,0.325013,-0.644346,0.050307,-0.331496,1.013181,0.033387,-0.490234,-0.662383,0.287729,0.927723,0.032036,0.753004,0.948584,0.009393,-0.315775,-1.2681,0.198972,-0.736262,-0.263857,0.445849,-0.072384,-0.185498,0.770469,-0.746613,1.80922,0.035206,-0.750307,-0.172579,0.558262,0.081141
tétraédrique,-1.26227,0.894885,-0.711582,-0.703888,0.994088,-0.559744,-1.305745,0.408509,0.057692,-0.370648,-0.143543,-0.55599,1.582329,0.512167,-0.472852,0.51316,-1.939231,-0.60153,-0.122607,0.01367,0.055315,0.580761,-1.514926,0.052845,0.950756,-0.279194,-0.820206,0.44544,1.132281,0.429445,2.224229
ennéagonal,-1.504917,0.533329,-0.601962,-0.680687,0.157833,-1.071263,-1.076927,0.92677,0.379587,0.856649,0.695201,-0.779721,1.219663,0.239173,0.375507,0.042688,-0.142813,-0.402786,1.174247,-0.954847,-0.45373,0.735913,-0.497882,-0.878707,-0.462276,1.128374,0.001953,0.006526,-0.137588,-0.106462,0.438233
antiprisme,-1.760927,0.732571,-1.244868,-0.962743,0.186198,-0.809686,-1.068678,0.409203,0.804515,0.439394,-0.355711,-1.372986,1.465073,0.099055,0.02705,0.847856,-0.745615,-0.741113,1.71254,-0.899803,-0.424813,1.182078,-1.074203,-0.829622,0.346345,1.349908,-0.180645,-0.227169,0.537911,-0.01378,1.068021
birapport,0.014704,-0.009277,-0.003686,0.00972,-0.021712,0.003249,-0.004297,0.014172,-0.003878,-0.013047,-0.029524,-0.007992,0.029351,-0.004583,0.02123,-0.027466,0.00465,0.003258,0.009599,0.009185,0.014659,0.003945,0.006529,-0.006774,0.005668,-0.00452,-0.001754,0.015355,0.014287,-0.000199,0.00476
dilatation,-0.583058,0.11994,0.615537,-0.360685,-0.064168,-0.103061,-1.202224,0.229731,0.561846,-0.581879,-1.351879,-1.826699,-0.327658,-0.30072,0.566756,-0.540829,-1.19902,1.335333,1.126402,-0.809023,-0.490102,1.085744,0.089522,0.534019,1.321138,-0.268289,0.473925,0.453778,-0.021042,-1.203456,0.894838
Diophante,-0.619023,-1.128542,-0.405787,-0.546401,-1.276156,-0.596499,-0.140806,-0.791364,0.704442,0.702937,-0.407827,-1.116967,0.75954,0.042824,-0.068471,1.411156,-1.126809,-0.302965,0.602091,-2.329022,0.178964,-0.29086,-1.116867,0.110867,0.192364,2.27971,0.297241,0.577609,-0.593813,-0.485844,0.786064
Penrose,-0.350704,-0.901495,-0.441654,-0.507445,-0.501173,0.352785,-1.12839,0.649465,0.333367,0.45876,0.067214,-0.876792,0.124613,1.125909,0.462556,0.812946,-0.942002,-0.583315,1.385008,-0.707049,-0.898164,0.70585,-0.508956,0.369283,0.444367,1.591973,0.121233,0.468241,0.559032,-0.821057,0.833979
scinder,0.157021,-0.043447,-0.096871,0.046472,0.337209,-0.66405,-0.71231,-0.599489,0.245356,-0.191083,0.366223,-0.423775,0.002876,-0.65569,0.285028,0.219152,-0.322457,-0.33368,-0.018525,0.025259,0.176973,0.385165,-0.625039,0.105888,0.585895,-0.093418,-0.137643,-1.308114,0.139512,1.790472,0.717165
sommer,-0.432733,0.704211,-0.173522,-0.930728,0.691286,0.688427,-0.538557,0.375062,-0.638167,1.05024,0.210429,1.176737,0.646338,0.697864,-0.206162,-0.144514,-0.435929,-0.558608,0.20161,0.019278,0.038017,0.299917,-0.352983,0.522935,0.221485,0.384902,-0.336026,-0.435742,-0.150126,-0.439596,0.316933
binôme,-0.702221,-0.374074,-1.781812,-0.801662,0.964764,0.063781,0.26542,1.820936,-0.256559,0.418287,-0.28176,-0.734846,-0.273826,0.143274,-1.002365,1.40769,-1.217082,-1.673722,-0.191084,-0.771151,0.685112,0.084244,0.065418,0.869785,0.121411,-1.178749,-0.000205,-0.612243,1.122285,0.987928,0.775707
extrémal,-1.596645,-0.150989,-0.362382,-1.004516,-0.815693,0.223866,-0.635403,-0.618465,1.13533,0.722098,1.014085,0.049677,0.28799,-0.549284,1.048243,1.204565,-0.606213,-0.668642,1.152445,-2.346032,0.527114,1.490224,0.302236,-0.914103,-0.198053,0.655684,-0.297557,-0.056604,0.000479,-1.528296,1.030879
Bolzano,-0.070978,0.983988,-0.021788,-0.918,0.860209,-0.812716,0.182111,-1.275644,-0.819195,-1.15859,-0.096743,1.382976,0.860364,0.578584,0.134962,-0.21678,-0.474951,0.270257,0.562619,-0.960685,0.769273,-0.216959,-0.147542,0.367906,-1.305483,1.432426,0.113132,-1.416917,-0.180706,0.02087,-0.370667
histogramme,-0.398162,0.328812,-0.524196,-0.800507,-0.591538,-1.328725,-1.252019,0.741719,0.559857,-1.702141,-0.376095,-0.094774,0.17419,-0.354971,0.234346,1.596505,-0.312112,-0.457583,0.557143,-1.881951,0.033423,1.129271,-1.27494,-0.228395,-0.703071,0.087379,0.267799,0.854661,0.289689,0.188786,0.740644
impropre,-1.183709,-0.313862,0.002544,-0.64784,-0.295813,-0.979528,-0.713293,-0.217716,0.584457,0.280209,0.651953,-0.673311,0.254565,-0.536008,1.760313,-0.068004,0.013593,0.756898,0.572188,-1.309129,0.230332,-0.417246,-0.04786,-0.311173,-0.196737,-0.214275,-1.460084,-0.053299,-0.551661,-0.328041,1.043263
cycloïde,-0.803096,-0.739177,-0.707514,-0.741276,0.032045,-0.842292,-1.032181,0.548154,1.128768,0.861639,-0.639412,-1.152188,0.916028,0.224589,0.132556,0.906977,-0.787643,-0.488706,1.127229,-1.849742,0.230648,0.922188,-0.112443,-0.93456,-0.220206,1.466146,0.612374,0.534685,-1.041434,-0.409006,0.854216
Fulkerson,-1.085725,-0.426336,-0.602989,-1.501013,0.038032,-0.368025,0.055394,0.005522,0.40031,0.192075,0.451885,-0.338287,0.726714,0.850441,-0.154765,1.251515,-1.242794,-0.769766,0.45541,-1.118298,-1.144199,0.433208,-0.510651,-0.2035,0.694306,2.184688,-0.151732,0.728228,-0.903479,-1.014083,-0.061111
dichotomie,-0.238487,-0.927358,0.094123,-0.577901,-0.69514,-0.382685,-1.468176,-0.023422,0.932547,0.302668,-0.046394,-1.130768,0.506718,0.467632,0.228434,0.871745,-0.650456,0.179326,0.737455,-1.233023,0.010478,0.493518,0.049822,-0.597657,-0.215176,0.196806,-0.672363,-0.395452,0.285835,-0.361001,0.613066
Cramer,-0.08449,-0.70345,-1.326307,0.27874,0.479901,0.181452,0.095217,0.268652,-0.812758,0.219512,1.148134,-0.452772,-0.207361,0.043736,1.008287,-0.138103,-0.547642,-1.107801,-1.261796,-0.164911,-0.147012,0.460613,0.498652,-0.609515,-1.015937,1.65203,-1.024297,0.005113,-0.905127,-0.290357,1.21956
octonion,-0.714752,0.148261,-1.384468,-0.29044,0.230573,-0.267188,-0.421622,0.115336,1.604255,-0.025929,0.703887,-1.211866,1.188205,0.553588,-0.259806,1.592426,-0.77133,-1.133215,0.908581,-1.412522,-0.901184,1.36715,-1.592679,-0.084471,-0.211066,1.2941,-0.119123,-0.435084,0.065704,0.455776,1.660632
octaédrique,-1.043015,1.297243,-0.506155,-0.567789,0.967707,-0.497143,-1.086013,0.409921,0.294632,-0.192349,-0.475449,-0.686512,1.857515,0.971787,-0.209444,0.651427,-2.190741,-0.402743,0.060365,-0.061461,0.073356,0.597215,-1.897436,-0.429667,0.709779,-0.005979,-0.546983,-0.163939,1.102862,-0.122614,2.043882
hilbertien,-1.164189,0.754002,-0.613671,-0.76221,-0.984042,-1.382769,-0.825632,0.821713,1.175352,0.661722,1.050573,-1.364932,1.098737,0.387312,-0.951189,0.435283,-0.477672,0.258262,0.91697,-1.629432,-1.138286,0.468751,-1.427133,-0.450652,-1.003707,1.177971,-1.037942,0.539331,-0.465084,-0.359127,0.65985
homologique,-0.610804,0.180072,-0.328235,-0.878151,-1.595969,-1.014524,-1.939878,0.332364,1.456491,-0.18709,-0.615303,-0.40491,-0.026547,0.565229,-0.259049,1.29498,-1.456344,-0.768964,1.609156,-0.036006,-0.923494,1.330191,-1.526955,-0.058412,0.055216,1.835048,-0.35611,0.225097,0.263989,-0.084263,0.804208
huitième,0.512159,-0.400469,0.596655,0.125407,0.343129,0.488484,0.002923,0.224595,-0.050823,-0.03789,0.208856,0.858492,-0.504074,-1.693194,0.12177,0.154476,-1.084863,-1.265744,0.030277,0.352251,0.114387,0.028101,0.399986,0.906569,-0.460645,-0.353401,1.588248,-0.772525,0.838818,0.750817,-0.49552
préhilbertien,-0.499546,0.950643,-0.761284,-2.314181,-1.580841,-1.971561,-1.656572,0.612828,-0.001921,0.506368,0.194948,-0.983664,0.864435,0.248861,-1.433856,1.641171,-0.80609,0.602541,1.235385,-1.30743,-0.905737,0.237886,-1.263831,-1.43749,0.033777,0.437014,-1.59771,0.5239,0.595014,0.133753,-0.052293
quadruplet,-0.297732,0.152008,0.393148,-0.900383,0.76351,-0.440972,-1.334803,-0.280951,0.763196,0.894322,0.54307,-0.143475,0.936099,1.306751,-0.315724,1.306041,-1.726169,-0.764283,1.657876,-1.297863,1.344657,0.900322,-0.999699,-0.675479,0.047792,1.68244,-0.369904,0.587412,-0.605445,-1.346231,-0.047432
radian,-1.437099,-0.241744,0.593573,-0.312071,0.07178,-0.193782,-1.526819,0.861238,0.979191,-0.278059,-0.50459,-0.503696,0.66377,0.06351,-0.435764,0.727226,-0.815617,-0.368212,0.318288,-1.61666,-0.592984,1.431938,-0.108799,1.042795,0.967163,1.064308,0.250301,0.317482,-0.268895,0.079915,0.118773
torseur,-1.370337,-0.738652,0.107794,-2.151167,-0.776963,-0.367708,-0.482525,-0.700762,2.153542,0.286254,0.030616,-0.771999,-0.384486,0.07398,-0.664813,0.397869,-0.80896,2.307665,1.003561,-0.969872,0.532457,2.038314,0.393238,0.904623,-0.29489,0.912482,0.342667,-0.356451,1.06442,0.087192,0.567241
Grassmann,-0.373207,0.010028,-1.227814,-1.005883,-0.965425,0.106737,-1.215853,0.434876,-0.165403,0.786274,-0.281145,0.09529,0.294069,0.613163,0.728799,1.330418,-0.789392,-0.310656,0.038614,-1.897516,0.010145,1.486204,-0.555007,0.848358,-0.19251,1.690836,-0.086062,-0.11248,-0.986141,0.590052,1.544884
Mascheroni,-0.362414,0.366121,-0.131219,-1.349639,-0.105341,0.262768,0.340449,-0.347802,-0.214858,-0.458846,-0.027941,-0.093172,0.385761,0.488275,-0.122698,0.448908,-1.82095,-0.659741,0.615321,-1.442586,-0.180829,0.0177,-1.941711,-0.16166,-0.195563,2.359272,-0.469748,0.027743,-1.706663,-1.295817,0.473397
Chomsky,0.069382,-0.926658,0.695348,0.219849,-1.355909,0.680571,0.255927,0.190376,0.57215,-0.055268,-0.721576,-0.363953,0.428683,1.246477,0.109896,0.827055,-0.126695,0.04726,0.223124,-0.744157,-1.23767,0.113761,-0.291718,-0.328314,-0.143096,0.930521,-1.255058,0.17303,0.01028,-0.285946,1.497194
hypersurface,-0.327452,0.113393,-0.412751,-0.982946,-0.247672,-1.389329,-1.595284,-0.192029,0.78651,0.578341,0.813175,-0.860305,0.39588,-0.414218,-0.804957,1.081831,-0.471279,-0.265202,1.4044,-1.582016,-0.537965,0.520587,-0.606272,-0.376469,-0.108234,1.380245,-1.242759,-0.252142,0.236659,-0.272988,-0.483917
Hölder,0.433281,-0.477648,-0.327633,-0.691315,0.935428,-0.301194,-0.617,0.135102,0.078797,0.551324,1.750102,-0.869581,0.337981,0.327099,0.48751,0.98914,-1.974888,-0.920653,0.239309,-1.024464,-1.245199,0.6622,-0.459903,0.635116,0.575077,1.387958,-1.793275,-1.234438,-0.395214,0.110778,1.322764
exponentiellement,-0.379993,-1.629119,-0.12679,0.417984,-0.1409,-1.275821,-0.833239,0.334951,0.262791,0.200577,-0.225876,-1.697324,-0.683092,-0.515063,-0.538533,-0.023116,-1.4959,1.319737,1.430164,-1.914808,0.566037,0.152296,0.913165,0.522713,0.600447,1.512287,-0.718108,0.029972,-1.137438,1.289706,-0.678968
Hodge,-0.63951,-0.515065,-0.029713,-0.689496,-0.362488,0.346691,0.512286,-0.377922,0.561011,0.094154,0.214368,-0.699483,0.306363,0.219083,0.516351,1.111711,-0.961801,-0.736263,-0.087302,-0.146703,-0.775455,-0.015938,0.099358,-0.067298,0.648225,1.502507,-0.622956,-0.059438,-0.190975,-0.973173,0.348247
périodicité,0.399372,-0.156935,0.641647,0.606926,0.096715,-0.661128,-0.396118,1.465411,0.30439,0.072464,0.472059,-1.022247,-0.467456,-1.430587,-0.754751,0.601238,-1.055461,0.38644,0.486891,-2.266027,-0.274896,0.943331,-0.417093,-1.334748,-0.52397,0.153776,0.191379,0.425199,-0.256474,0.582402,0.588141
Carathéodory,-0.800887,-1.567662,-0.220379,-0.958001,-1.325337,-1.286322,-0.883366,0.179618,0.434365,0.232111,-0.107388,-0.296287,-0.10208,0.311082,-0.232405,0.588371,-1.915286,0.534714,-0.500009,-0.911294,0.246098,-0.203907,-1.201032,0.198744,0.092506,3.023748,0.141931,1.335669,-0.549854,0.529596,0.276055
dominant,-0.512387,-0.455419,-0.554659,0.040092,-0.382066,-0.5048,-1.551882,0.046339,0.758774,-0.647886,-0.999891,-0.677528,0.926902,-0.260631,0.277771,-0.421227,-0.205808,0.158456,0.657629,-0.140733,0.581807,0.352808,0.360477,-0.269699,-0.832897,-1.223557,-0.588847,-0.687432,-0.065554,0.789259,0.097601
monotonie,-0.000597,-0.521026,0.422427,-1.587511,-0.001395,0.023761,-0.876678,-0.006748,-0.112049,0.944674,-0.344932,-0.314665,1.104828,-0.63655,0.135999,0.028704,-1.14876,0.729989,1.928849,-1.653286,-0.592242,-0.330557,-0.147841,-0.38291,0.219102,0.579925,-0.858255,-0.107911,-0.507583,-0.333063,0.177701
Voronoï,-0.780119,0.007004,-0.329741,-1.126378,-0.554624,-1.02784,-0.207966,-0.080183,0.705039,0.057882,0.566223,-0.274271,0.101546,0.50435,-1.171296,1.03259,-1.564851,-0.250471,0.023555,-1.377387,-0.104548,1.409307,-0.859734,-0.708011,-0.795898,2.431994,0.280229,0.544484,0.00488,-0.314175,0.798313
associativité,-0.879615,-0.460435,-1.791615,-1.716348,0.357451,-1.093192,-0.90242,-0.071755,0.804159,0.710778,-0.761599,0.187851,0.205628,0.445142,0.35131,1.32822,-0.625631,0.776021,-0.220329,-1.840305,1.178054,1.237409,-0.13302,-0.048623,0.131858,1.23991,-0.767446,0.513899,-0.690196,-0.310099,1.870163
axiomatisation,-0.890598,-0.885066,-0.587658,-1.85508,-0.606775,-1.092943,-1.339008,0.257768,1.50584,0.6929,0.395007,-0.839257,1.095521,-0.038527,-0.331769,0.741221,-0.961367,0.086728,0.449393,-1.914191,-0.523041,-0.004217,-1.305186,-0.114631,-0.942101,1.992453,0.263571,0.161596,-0.226559,-0.345331,0.093575
codimension,-1.096272,0.777504,0.143841,-1.308496,-0.738046,-1.283936,-1.128973,0.629771,0.183368,1.147524,0.07614,-1.005706,0.33564,-0.074325,-0.642219,1.089448,-1.553277,-0.689363,0.287126,-1.011316,-0.117701,0.487058,-0.854057,-0.068002,0.226723,2.155638,0.006206,-0.761221,-0.265416,0.18255,-0.388027
ordonnée,-0.84749,-0.220135,-0.52797,-0.462224,-0.540033,-1.419128,-1.780458,-0.146607,0.404303,-0.365866,-1.174607,-0.145979,1.313436,1.291492,-1.052504,1.449904,-0.815908,-0.433214,1.304784,-1.26246,0.176917,0.832734,-0.453927,0.556113,0.219811,1.417977,-0.333424,0.420971,0.730991,-0.241204,0.158659
orthocentre,-0.953643,-0.071541,-0.370702,-0.561829,0.128167,-0.606176,-0.717839,0.841978,0.874084,0.826337,0.429649,-0.767983,1.1252,0.845198,-0.141387,0.909046,-0.815517,-0.355009,0.872314,-1.135858,-0.79765,0.885165,-0.640089,-0.449905,-0.042827,1.850649,-0.374258,-0.532621,0.152601,0.127222,0.541481
Ackermann,-0.539003,-0.730369,-1.170563,-0.597972,0.270247,0.967229,0.331939,1.03198,-0.675695,0.531603,0.847783,0.550392,0.08477,0.435558,0.269272,0.05211,-0.976457,-0.147333,0.069738,-1.234841,-0.275589,-0.336944,-0.18871,1.084901,-0.898849,1.61853,-0.058738,-0.17828,0.668001,0.161619,0.773024
commutativité,-0.457512,-0.147374,-1.391571,-1.611969,0.185209,-0.812472,-0.955482,-0.199873,1.470099,0.48649,-0.251367,-0.188534,-0.122951,0.307252,1.272057,1.777417,-0.803072,0.443415,0.389031,-1.71699,1.515523,1.183779,0.151386,0.094003,0.023369,0.553569,-1.398369,0.137238,-0.87527,-1.011449,1.198475
galoisien,-0.435815,1.541326,0.446844,-1.425077,-1.059114,-1.267123,-0.411131,-1.557676,0.305527,0.37702,-0.192461,-1.243918,0.326512,-0.599697,0.717184,0.878643,-1.344506,-0.171594,-0.244556,-0.141312,-0.621657,0.145622,-1.202575,-0.270148,1.597096,2.181238,-1.236324,-2.086492,-1.021216,1.002575,0.470293
quartile,-0.172525,-0.836719,-2.277894,-0.117366,1.17824,-0.143165,-1.965973,1.215803,0.709134,2.40866,0.605334,-0.694656,0.091939,-0.920703,-0.063743,0.417932,-0.032382,-0.92386,1.204937,-1.526983,1.431914,0.892287,-0.556424,0.75455,-0.611665,1.885231,2.324571,1.132262,0.718815,0.39863,0.178264
indécidabilité,-0.44717,-0.447514,-0.750108,-1.429344,-1.024119,-0.934686,-0.03287,-0.35528,0.554139,0.022961,-0.057758,-1.629367,0.607122,-0.382158,0.001966,1.408935,-1.333522,0.381726,0.777115,-2.736149,-0.418638,-0.128543,-0.327239,0.38826,-0.038914,1.667501,0.256353,0.365999,-0.489888,-0.409568,0.300268
percolation,-0.738763,-0.232948,-0.512908,-0.501136,-0.446794,-1.161399,-0.023617,-0.455415,-0.107236,-0.385315,-0.15609,-1.847192,0.969324,0.443724,0.110132,-0.007247,-1.476376,1.173766,0.807431,-0.96807,-0.761899,-0.110589,1.067667,-0.085271,0.0793,1.159069,-1.073334,0.579785,-0.090312,-1.169087,0.94886
extremum,-0.674206,0.153373,-0.236242,-0.26201,0.338017,-1.53695,-0.780342,-0.157659,0.744251,0.238691,0.044408,-0.78485,1.438422,-0.992637,0.383436,1.313587,-1.092827,-0.555999,0.4281,-1.904629,0.239821,-0.283971,-0.401504,0.201187,0.333694,1.739503,-0.006773,0.913398,-0.679454,-0.887638,-0.378359
heptagonal,-0.365766,0.250159,-0.452703,-1.306776,-0.29898,-0.77763,-1.074426,0.212632,0.504924,-0.246617,0.170749,-0.16389,1.093251,-0.571638,0.775655,0.921158,-1.454593,-1.063101,1.495645,-0.88518,-0.598133,0.698071,-0.852189,-0.167688,-0.661528,1.263923,0.451495,0.440334,0.060406,0.590865,1.23523
hexadécimal,-1.376813,0.405979,0.998349,1.043019,-0.567007,-1.081287,-0.514434,0.294295,0.55354,0.292523,0.700109,-0.450701,-0.087983,-0.353882,-0.611649,1.117282,-0.351734,-1.493154,0.0148,-2.529686,0.632521,1.214525,-0.361031,0.723955,-0.42441,0.488685,0.133642,0.585804,-0.162879,1.255231,1.518972
tangent,-0.653803,-1.090625,-0.061164,-1.047168,0.025961,-1.002744,-0.569868,0.0301,1.245742,1.171739,0.067348,-0.666372,0.378132,0.497288,-1.187338,0.337057,-1.166049,0.063727,1.584765,-0.909632,-0.513014,0.04002,-0.619043,-0.722803,-0.216134,1.88839,0.097788,-0.908684,0.346573,-0.164923,0.256214
hyperfonction,-0.674014,0.619721,0.053618,-0.548849,-0.482907,-0.547253,-0.416927,0.732691,0.963294,-0.080548,0.420603,-1.170845,0.084249,0.053247,-0.047253,0.252722,-1.333928,0.485025,0.674173,-1.862282,-0.336748,0.790249,-0.662252,0.446045,-0.491378,1.069729,-0.142804,0.504987,-1.05928,-0.517142,0.515225
hypoténuse,-1.442092,-0.198397,-0.374983,-0.987396,0.521839,-1.027714,-1.185102,0.284443,0.994245,0.573305,0.549031,-0.774692,0.574768,0.023826,-0.349476,1.194568,-0.609132,-0.636401,1.276921,-1.640838,0.078114,1.282444,-0.394967,-0.05162,0.605305,1.561762,-0.394803,-0.388859,0.334406,-0.491349,0.447575
Mordell,-0.682188,-0.978918,-0.628147,-0.081028,-0.047741,-1.432556,-0.087639,0.095686,-0.084872,0.578089,0.953863,-1.473548,0.730396,1.250822,0.832523,1.635214,-0.504993,-0.20789,0.834019,-0.93252,0.412146,0.448592,0.195696,-1.419532,0.465942,2.558099,1.91921,0.381445,1.677929,0.426029,1.219094
neuvième,0.585988,-0.230512,0.308853,-0.052806,0.091926,0.30963,-0.234068,0.452637,0.145098,-0.261608,0.452549,0.642652,-0.233507,-1.865931,-0.110127,0.201963,-1.094713,-1.177254,0.200438,0.278986,0.144241,0.144466,0.264299,0.435859,-0.828336,-0.406556,1.163132,-0.372046,0.586156,1.048189,-0.417753
covariant,-1.116429,0.026527,-0.216299,-1.372857,-0.355807,-1.238215,-1.035875,0.607048,0.391481,0.237914,0.496075,-1.000232,0.071971,0.249703,0.147825,0.891171,-0.619853,0.267754,0.262269,-1.775301,-0.552974,0.81612,-1.383175,-0.228309,0.354195,1.877374,-0.824688,0.755337,-0.598216,-0.979629,1.23184
récursivité,-0.52279,0.234994,0.551686,-2.032401,-0.340217,-0.988851,-0.381387,-0.084587,0.098803,0.330755,-0.813818,-1.317997,-0.010218,0.002719,-0.002656,0.981574,-0.996327,1.243988,1.007811,-1.763646,0.417026,0.586923,-0.568001,-0.132715,0.329136,1.352063,-0.439575,0.034702,0.60079,-0.191781,1.769354
commuter,-0.456575,0.630399,0.931616,0.420821,0.46219,-1.153342,0.274775,-0.671492,0.130811,0.264827,0.304233,-0.804461,0.075715,1.240367,-0.861012,0.325216,-0.387574,0.343629,1.630879,-1.023181,-0.748656,0.527561,-0.022121,0.522087,1.165677,0.978554,-1.130813,-0.826415,-0.325346,0.278221,1.18223
Mazur,-1.112168,-0.12751,-1.067658,-0.331297,-0.309298,0.403749,-0.201797,0.422506,0.222025,-0.09522,0.281515,0.458035,0.860977,1.117202,-0.984294,1.107012,-1.299333,-0.377202,-0.0792,-0.602995,0.001251,0.522618,-0.803865,0.887716,0.199116,2.097927,-1.08649,0.634672,-0.019832,0.018043,-0.492451
orthonormé,-0.067723,0.32226,0.756775,-2.585344,-0.07756,-1.400098,-0.440742,-1.130562,-0.138985,-0.493214,0.711627,-1.061555,2.209798,1.058911,-1.853837,0.946058,-1.301647,-0.553075,0.805122,-1.826945,-0.671838,0.316876,-0.459979,0.456189,-0.991317,1.101177,0.409592,0.453827,0.572607,0.6525,1.111897
pentagramme,-0.77415,-0.000888,0.082697,-0.424107,0.110961,-0.701341,-1.122164,-0.627868,0.628298,1.401579,0.520348,-1.218765,-0.071264,0.302671,-1.063308,0.937132,-0.805194,-0.37192,1.150469,-1.320641,1.048353,1.934464,-0.121667,-0.507935,0.331976,1.734408,0.055057,0.001622,0.85057,-0.105934,1.089444
variationnel,-0.294882,-0.300431,-1.136879,-0.388259,-0.386231,-0.898279,-0.40589,-0.393311,0.794077,0.871071,-0.13951,-1.087589,0.842762,-0.314474,-0.416812,0.427647,-1.790518,0.558279,-0.39754,-2.258791,-0.333642,-0.005835,-0.547437,0.484515,-0.381343,1.490924,-0.436361,0.810576,-0.203567,-1.291731,2.04216
paramétrisation,-0.542984,-0.70505,-0.390385,-1.639203,-0.864266,-1.114654,-0.640684,-0.009939,0.853031,-0.529851,0.833828,-0.895193,-0.300345,-0.519662,-0.175315,0.725972,-1.341589,-0.30137,1.577702,-1.212939,-0.630689,0.506342,-0.628113,-0.228684,-0.736115,0.706011,-0.15701,0.462622,0.236682,-0.039522,1.128189
sexagésimal,-1.249937,-0.606357,-0.604024,0.756261,-0.05562,-0.972418,-1.124175,0.064613,1.73091,-0.683589,0.664114,-1.611878,-0.28988,-0.951123,-0.731757,0.050582,-2.015149,-0.665822,-0.421631,-0.460088,0.605729,2.198798,-1.445009,-1.558451,-0.181117,0.939667,0.915127,0.552706,0.178238,-0.449277,1.00304
adjacent,-0.161888,0.741279,0.297753,-0.316037,1.181918,-1.447487,-1.267696,-0.065038,0.124813,0.119341,0.506703,-0.54787,1.205169,0.735274,0.977775,0.004382,0.299056,0.316246,0.663265,-0.163314,-0.380675,0.31478,0.312271,-0.463951,0.532251,0.688831,-0.284756,-0.478899,-0.065057,-0.110605,0.358416
glouton,-1.43624,-0.424305,-0.521981,-1.094589,-0.55343,-0.749018,0.167257,0.496056,-0.065472,0.874666,0.947349,-1.601173,-0.857609,0.688326,0.580917,0.269852,-0.617381,0.081472,0.100755,-0.502643,0.953528,0.537339,0.832396,-0.896762,-1.086301,1.155433,-0.605106,-1.145828,0.065921,0.537651,0.716249
tautologie,-0.890145,-0.202103,0.433464,-1.32809,-0.388947,-0.883777,-0.543925,0.024082,0.209543,0.733368,0.306859,-0.969451,0.631224,0.171071,0.340415,0.594659,-0.829612,-0.017828,0.848758,-1.509937,0.002269,-0.11513,-0.485536,-0.382608,0.008845,1.169285,-0.876231,-0.312665,-0.207794,0.116959,1.271939
PSPACE,-0.221851,0.124732,-0.036473,-0.115344,-0.374085,-0.355852,0.04838,0.646371,0.742777,0.421964,0.528956,-0.4301,0.324516,0.082386,-0.08937,0.557998,-0.87292,0.045099,0.003112,-1.127176,-0.880003,0.114052,-0.474106,0.302615,-0.908851,1.571118,-0.339211,0.386664,-0.409155,-0.465591,0.695659
coplanaire,-0.414381,0.381745,-0.468702,-0.422856,-0.470833,-1.120924,-0.99702,-0.770329,0.41762,0.944532,1.298284,-1.026417,0.286795,0.441988,-0.498578,1.40727,-0.527891,-0.888923,1.177054,-0.801717,-0.02208,0.686343,-0.692684,-0.706853,1.420965,0.940904,-0.901668,0.154886,-0.403508,-0.292337,-0.102773
fini,-0.307274,-0.649317,-0.217096,-0.643313,0.512861,-0.80239,-1.412428,0.890557,0.714507,1.441257,0.285668,-0.287096,-0.067592,0.056156,-0.501868,0.191046,-1.379491,0.023747,0.563637,-0.770519,-0.071957,0.527638,-0.238045,-0.343985,-0.460088,1.564807,-0.732104,0.025856,-0.147762,-0.711332,0.807248
hypergraphe,-1.105475,-0.347872,-0.551694,-0.747371,-0.34272,-1.321555,-1.626311,0.230722,1.858667,0.384188,0.324865,-0.675355,1.261979,1.024197,-0.331085,1.127648,-1.279772,-0.136272,1.193748,-1.404274,-0.123284,1.060512,-0.534508,-0.79473,-0.590902,1.389111,-0.556816,-0.743997,-0.304611,0.008458,0.71151
involutif,-1.807007,0.197153,0.887769,-0.269086,-0.186558,-0.686732,-2.215828,-0.018884,2.199885,0.687649,-0.74909,-0.391611,0.723643,0.92824,0.478343,0.673685,-0.0317,-1.685056,0.481889,0.228099,-0.68522,0.347621,-2.316365,0.131724,1.144126,1.188252,-0.31791,-1.201201,1.070894,-0.98072,1.482596
lemniscate,-0.497199,0.533778,-0.575979,-1.358353,0.598161,-0.950416,-0.224543,0.478408,-0.35743,0.468281,0.168355,-0.638898,1.018303,0.876552,-0.204105,0.828813,-0.964703,0.273114,0.901429,-2.058558,0.204256,0.169867,-1.244405,-0.524834,-0.453295,2.437328,-0.483191,0.34277,-0.472344,-0.141572,0.881949
préordre,0.467274,-0.275993,0.372055,-0.592359,-0.351635,-1.10614,-1.339021,0.826594,1.057432,0.0109,-0.225299,-0.76268,1.103666,-0.566757,-0.610481,1.194253,-1.578005,-0.287817,-0.20934,-1.975183,-1.081018,0.782843,-0.487927,0.061448,-0.319969,1.42135,-0.407659,0.485119,-1.449507,-0.115749,0.4229
fibration,-1.017711,0.284761,0.128619,-0.58219,-0.125213,-0.503414,-0.224622,0.953744,0.796302,0.423525,0.357354,-0.628947,0.749955,0.208572,0.064288,0.827655,-0.919116,-0.128241,-0.129297,-1.105995,-0.743132,0.386184,-0.583539,0.280284,-0.437668,2.611805,-0.743568,0.477364,-0.785259,0.00509,0.576869
Büchi,-0.645759,-0.274397,-1.496469,-1.051586,0.219698,0.129588,0.550269,0.768518,-0.214831,1.212908,0.392916,-0.432412,0.196213,1.775946,0.949272,0.938294,-1.143795,0.202788,0.224513,-1.509762,0.003137,-0.076158,-0.53105,0.609821,0.187689,1.839991,-0.156362,-0.059037,-0.742394,-0.639233,1.364774
Kruskal,-1.343493,-0.534614,-1.307382,-0.691874,-0.407207,-1.091789,-0.315546,0.03379,-0.759586,-0.995852,1.1247,-1.024526,0.912483,0.308154,0.237694,1.350321,-0.112569,-0.996808,1.262922,-2.349841,-0.910133,0.637043,0.105306,-0.215794,0.028003,2.518562,-0.366574,0.108352,0.221158,0.017026,0.177933
NL,-1.448104,1.054739,0.181836,0.626644,0.68584,-0.858065,0.615337,0.287576,0.476638,-0.169979,0.288163,1.011511,0.314411,0.822848,0.26545,0.313419,-0.120555,0.0843,0.109329,-0.559872,-0.063327,0.242016,-0.337499,0.753564,0.097911,1.223009,0.312864,-0.045287,0.400734,-0.465886,0.673211
affixe,-1.717845,0.602595,0.309884,-0.064884,0.12687,-0.174359,-0.062867,-0.462123,1.375745,-0.751959,0.141426,-1.858802,1.499277,-0.613422,0.901761,0.375854,-0.017367,-0.333182,0.059234,-1.881989,0.456942,0.050832,-0.920492,0.12653,-0.555609,0.504875,-1.422854,-0.33898,-0.519064,0.103742,1.333449
autoadjoint,-0.824528,0.92075,-0.718169,-1.321074,-1.286763,-1.708738,-0.819442,-0.246746,0.854632,0.736411,0.072681,-0.835353,0.491425,0.565889,-0.499978,1.315479,-1.342572,-0.18483,0.848661,-1.176897,-0.46823,-0.081367,-1.869219,-0.06811,0.544904,1.401229,-1.563282,0.005484,-1.475848,0.133298,0.250115
Bellman,-0.570304,-0.35822,0.036565,-0.56029,-0.030867,0.561929,-0.028562,-0.124986,0.775611,-0.226273,1.079599,-0.113375,-1.104496,0.810219,0.084748,0.486105,-0.834076,0.248222,0.723795,-1.215259,0.58559,0.980207,-0.172035,0.768128,-1.179615,2.287878,-0.434457,0.284434,0.294433,-1.405806,-0.023944
Descartes,-0.29423,-0.891281,0.165748,-0.457378,-0.475331,-0.037368,-0.582847,-0.026116,-0.092626,1.07139,0.297093,-1.536763,0.629141,1.105352,0.091922,0.353494,-0.341154,0.86635,0.526496,-0.822082,-0.701943,-0.666262,0.229488,0.894536,0.660079,1.367418,-0.630704,0.619215,1.165436,-0.036284,0.850358
isogonal,-1.521587,0.302238,-0.681042,-0.538534,-0.329103,-0.75655,-0.5901,0.540679,1.201059,0.554346,0.133217,-0.966398,1.3672,0.1989,0.206663,0.982635,-1.536797,-0.087851,0.558051,-1.63223,-0.213919,0.765,-0.688554,0.116767,-0.319695,2.027675,-0.508097,-0.138969,-0.735597,0.055584,0.78322
quatorze,0.161076,0.04479,-0.142634,0.454381,0.178739,0.178224,-0.212111,-0.266462,-0.279681,0.096509,0.791287,0.048193,0.166985,-1.378013,0.133463,0.257694,-0.522109,-0.91672,0.102505,0.068354,0.666124,-0.468015,-0.289974,-0.32847,0.298034,-1.149287,0.765371,0.019172,0.426568,0.381914,-0.86099
surjection,0.31817,0.635978,0.559897,-0.71241,-0.568458,-1.52406,-0.886246,-1.194447,0.709525,0.906468,0.370657,-1.331694,1.80677,-0.641666,-0.48411,1.708174,-1.549531,-0.903669,0.143982,-0.624882,0.177195,-0.452161,-1.235118,-0.13865,0.502494,2.145543,-0.388519,0.747519,0.18758,0.05,0.439427
discontinu,-0.789088,0.143274,-0.338629,-0.357134,-0.202262,-0.824545,-0.855784,0.212681,0.327204,-0.234416,0.342372,-1.293022,0.783649,-0.271382,0.218032,0.327227,-0.777026,0.302381,1.286591,-1.626609,-0.549088,0.72007,-0.458938,-0.586781,0.188389,0.166884,-0.386832,0.015339,-0.388292,0.649087,1.020757
extrapolation,-0.263477,-0.591759,0.468173,0.379436,-1.151982,-1.547849,-0.916752,0.429431,0.838062,-0.853338,0.964593,-0.307905,0.074135,0.229032,1.182138,1.564166,-0.700888,-0.148471,0.563158,-1.449838,-0.303158,-0.17252,-0.569336,-0.237337,0.111181,0.398954,-0.384176,0.779587,0.081153,-0.251173,0.391447
Koch,0.435161,0.104265,-1.035742,0.585814,0.047043,0.845066,0.078728,0.777759,-0.703202,0.427078,1.010718,0.449151,-0.343742,0.898984,0.538058,-0.315702,-0.5539,-0.558204,-1.381031,0.548585,-0.616291,0.553588,-0.302168,-0.114788,-0.394811,0.706314,-0.512804,-0.343867,-0.956455,-0.302642,0.672431
tangence,-0.389958,-0.430218,-0.367285,0.122944,-0.984815,-0.797938,-0.673846,0.211451,0.20742,0.424665,-0.026509,-0.595863,1.188033,-0.139159,-0.894625,1.651905,-1.145221,-0.331363,0.422343,-2.999061,-0.583594,0.779349,0.579879,-0.159954,-0.438414,1.485369,0.634045,-0.204533,-0.018284,0.315224,-0.455082
transporter,-1.209918,0.645923,0.061929,0.551661,-0.464925,-1.094073,0.432405,-1.139756,-0.488411,0.705327,1.212554,-0.067145,-0.118109,-0.345292,-0.049979,-1.276199,-0.401775,0.311378,0.023867,0.144306,0.050545,-0.658796,0.295059,-0.269353,1.600969,-1.321595,0.446596,0.216587,-0.999101,-0.59921,-0.695408
barycentrique,-2.242709,-0.143492,0.390252,-1.421085,-0.327944,-1.402815,-0.153888,0.005469,0.83877,-1.346467,0.633361,-0.839724,1.006941,-0.658557,-1.308584,0.622091,-0.716328,-0.176321,0.393751,-1.26377,-1.265939,0.540563,-1.211744,0.607419,-0.114594,1.238666,-1.163142,-0.74361,1.011216,1.085088,0.570387
équerre,-0.817796,0.325127,-0.71128,-0.454264,0.276674,-0.257642,-0.871373,-0.994535,0.09099,1.167294,-0.100597,-0.19616,1.059527,0.31277,-0.526607,0.072666,0.55505,-0.711264,2.1217,-1.091992,-0.051265,0.853678,-0.270994,0.144934,0.125721,0.561244,0.483972,-0.137127,1.115358,-1.115436,0.705386
additivité,-0.626748,0.075506,0.043374,-1.198453,-0.5024,-0.961407,-0.807012,0.262215,0.756329,0.328879,-0.210075,-0.338207,-0.664862,-0.364468,0.252281,0.722239,-0.277095,0.755938,0.239428,-2.207312,0.148213,0.664964,-0.019228,1.074144,-0.505046,1.602621,-0.964289,0.337409,-1.064803,-0.824584,0.2945
diédral,-0.417646,0.869025,-0.944861,-1.461408,-0.724823,0.395598,-0.551573,-0.003926,1.449806,0.81897,-0.453287,-1.520263,0.684193,0.054661,-0.425792,2.102945,-0.761798,0.150026,0.609176,-1.171024,1.315501,1.181926,-1.198658,-0.136328,0.109583,1.083422,0.730377,-0.664113,0.243454,2.198149,0.237842
ovale,-0.693894,0.893602,-0.440794,0.84381,1.002383,-0.596942,-1.856815,1.391441,-0.289798,1.417166,-0.444737,-0.873636,0.533954,-0.589394,0.407939,-0.62055,-0.446978,-1.530036,1.512244,-0.21012,0.248195,0.732363,0.375389,-0.795173,0.113242,-0.69425,0.749773,-0.538029,-0.074569,-0.720051,-0.286082
dodécaédrique,-0.943537,1.108265,-0.460688,-1.135879,1.058559,-0.659031,-0.361405,1.097289,0.693262,1.310682,0.448924,-1.465501,0.813409,-0.066267,-0.628591,0.29675,-1.569579,0.129668,1.570864,-1.353159,0.531909,0.660184,-1.712548,-1.691539,-0.281289,1.096483,-0.137171,-0.233838,0.12158,-0.386369,1.051727
matroïde,-0.586731,-0.04444,-0.682536,-0.87241,-0.500357,-0.959066,-0.021417,0.347333,0.578507,0.666968,0.146487,-1.194982,1.028912,0.413283,-0.235642,0.852334,-1.331561,-0.07319,0.907625,-1.716735,-0.816453,0.250208,-0.726093,-0.411993,-0.643159,2.301465,-0.439111,0.209536,-0.818671,-0.341051,0.996768
rationalité,0.056829,-0.839668,-0.347027,-0.585603,-1.827778,-0.383284,-1.061774,-0.163111,0.772633,0.053541,-0.643714,-0.555746,0.429044,0.814722,-0.589954,0.511989,-0.140998,0.721616,-0.015564,-1.266147,-0.827764,-0.196663,-0.072607,0.95198,-1.084442,-0.051474,-1.544426,-0.202028,0.671613,-0.227523,0.69597
billard,-0.751812,0.508299,-1.161655,0.209676,-0.444878,0.131046,0.654382,-0.070089,0.278357,0.914989,0.046162,-0.209062,-0.842839,-0.380002,-0.141715,0.344632,0.283318,-0.359147,0.800522,-0.351623,0.186018,0.178575,-1.003945,-0.117656,-0.196903,0.58579,0.37502,-0.590075,1.163836,-0.284602,0.788473
contractile,-0.603725,0.76842,-1.056528,-1.020419,0.589735,-0.725164,-1.04273,-0.917998,1.687759,0.407308,-0.538185,-2.201166,0.222835,0.897473,0.359216,0.318731,-0.401324,-0.149488,1.070635,0.223013,0.469316,1.420855,-0.705451,-0.118009,0.796124,0.565678,-0.041034,-0.921806,-1.397995,-0.533018,0.513915
disjonctif,0.150056,0.204652,-0.977587,-1.650432,0.583683,-1.387613,-0.327106,-0.640107,1.66722,0.38783,0.197367,-1.629898,0.805059,-0.864944,-0.584637,1.104396,-1.388803,0.517708,0.140897,-1.56054,-0.424172,1.290466,-0.69058,-0.747777,0.049154,0.935179,0.629711,-0.160901,-0.602418,-0.324527,1.18262
transfinie,-0.770723,-0.062106,-0.503755,-1.434159,-0.015609,-0.940052,-0.214677,0.608899,0.544773,0.620606,0.729252,-1.42286,0.973935,0.005869,-0.00157,1.335271,-1.477029,-0.470038,0.806351,-1.331971,-0.531291,0.185458,-0.512703,-0.311996,-0.40616,2.328431,-0.297284,0.899611,-0.3275,-0.485527,0.47417
commutation,-0.126889,0.455694,0.941666,-0.490392,0.068845,-1.161822,0.363235,-0.918241,0.897337,-0.720828,-0.843636,-1.582429,-0.551031,-0.360557,-0.716649,0.323883,-0.765802,0.44955,1.275392,-1.025903,-0.117985,0.413264,-0.592273,0.552861,1.007949,0.200609,0.029974,0.158456,-0.260545,-0.509905,1.261995
Herbrand,-1.355005,-1.18676,-1.292524,-0.827632,-0.101707,0.007081,-0.024912,0.023704,0.050319,-0.207179,0.217673,-0.311881,-0.453255,0.853924,0.736349,0.798917,-1.584474,-0.240675,0.194045,-1.069832,-0.096329,0.126951,-0.55253,1.051704,0.697814,2.807832,-0.929792,-0.01455,-0.246572,-0.315452,0.841828
Perron,-0.739731,-0.269313,-1.24791,-1.101989,0.112158,0.270177,-0.39948,0.127964,-1.096506,0.427328,-0.875734,-0.639188,0.61863,0.320599,-0.265931,0.559113,0.594909,-0.883491,0.954538,-0.18816,-0.123494,0.08841,0.227621,-0.17185,0.55932,0.688442,0.234968,0.464287,1.286343,-0.548796,0.320057
commute,-0.694361,-0.360406,0.152323,-1.152281,-0.114295,-0.62056,-0.597727,-0.099434,0.450377,1.100819,0.550559,-0.40964,0.383678,0.696307,-0.256283,0.808029,-0.982588,-0.367735,0.989721,-1.058862,-0.763913,0.459554,-0.222082,0.838607,0.603659,1.393109,-1.382629,-0.471486,-0.600979,0.345585,1.313291
$\epsilon$,-0.730771,0.302122,0.882523,0.500231,0.156774,-1.234012,-0.534243,-0.173204,1.169384,0.470447,-0.694874,-0.601572,-0.11782,0.443289,-1.189886,0.666657,-1.222931,-0.852182,0.22904,-0.068937,0.633594,1.528831,-0.465457,-0.991827,0.467903,0.931255,0.25726,0.086466,-0.002422,-0.258029,1.421119
équiprobable,-0.549194,-0.003845,0.158212,-1.295608,0.485961,-0.797194,-1.039956,-0.11722,1.384904,1.245429,0.710505,-0.70142,0.8657,-1.020596,0.961068,1.222397,-0.560633,0.009625,1.38897,-2.432065,0.004653,-0.35958,-0.801267,0.268227,0.257085,1.046151,-0.46646,-1.006343,-0.449086,-0.005754,0.244901
différentiabilité,-0.34345,-0.082701,-0.327349,-1.305505,-0.617001,-0.657466,-0.556721,0.581873,0.719715,0.442428,0.119593,-0.863673,0.659552,-0.386311,-0.336289,0.759804,-1.235224,0.878043,0.236863,-1.63556,-0.73347,0.034323,-0.562235,0.420633,-0.518647,1.542839,-0.593979,-0.019158,-0.193757,0.274022,0.521016
décidabilité,0.360628,0.354173,-0.558446,-0.309159,-0.038837,-0.47912,-0.299876,-0.052226,1.423505,1.09067,0.575322,-0.987553,0.618513,0.329681,0.020395,1.607235,-0.835088,0.239124,0.664534,-1.918415,-0.347796,0.112689,-1.137,-0.057146,-0.489238,2.33959,-0.949503,-0.480524,-0.669774,0.063198,0.618089
dénombrer,-0.728814,0.688751,-0.573987,0.997325,-1.141496,-1.332673,-0.294538,0.261679,-0.091256,-1.201837,0.462579,0.714837,0.836704,0.272583,0.964075,1.357824,0.224043,0.097304,-1.364252,-1.192011,0.288882,-0.585951,-0.317201,-0.629855,0.545836,-0.537515,-0.070144,0.403447,-0.624714,0.284522,-1.628019
renormalisation,-0.01484,-0.514101,-1.138374,-1.319887,-1.143967,-0.333485,-0.576889,-0.770985,0.926147,-0.047948,0.875223,-0.998777,0.763209,0.58399,0.659262,0.329859,-1.553247,0.548015,0.846902,-0.987214,-0.648994,0.318159,-0.149987,0.722814,-0.739501,1.002699,-0.388904,-0.059724,0.039479,0.088918,1.660019
rigidité,-0.403788,0.344193,-0.294988,-0.539289,-0.368417,0.061675,-1.586064,-0.029344,1.229745,0.142294,-1.618459,-0.789509,0.333429,-0.258136,0.459056,-0.67939,-0.919627,0.683467,1.654407,-0.894474,-0.663021,0.361051,-0.734241,1.325036,0.35588,-0.56169,-0.278803,-0.069403,-1.073075,-1.410319,0.05212
récurrent,-0.16293,-0.385339,0.282213,-0.835277,0.148296,0.354898,0.428024,0.95364,0.55144,-0.813221,0.114123,-1.189029,-0.503001,0.436369,-0.205699,1.586994,-1.257455,-1.163918,0.234257,0.256216,-0.090126,-0.298449,0.426486,0.233815,-0.155867,-0.355351,-1.041289,0.002723,0.428474,-0.727724,-0.804545
Syracuse,-0.159604,-0.741143,0.143219,0.202065,-1.400555,-1.124455,0.154937,-1.783281,0.297065,-0.040081,-0.98519,-0.002503,0.043744,0.349738,0.245684,0.362658,-0.242527,-0.581492,0.245006,0.492405,0.567333,-0.810771,0.951937,0.11643,-0.299564,1.89872,0.712447,-0.226566,0.199746,-0.53159,-0.966767
transitivité,-0.460113,-0.198691,0.457357,-0.978604,0.342803,-1.264086,-0.618826,-0.233805,0.126477,0.194026,-1.30737,-0.738011,0.29258,-0.226707,-0.296375,0.759405,-1.071035,0.228984,-0.544612,-1.88972,1.124742,0.12497,-0.69847,0.09169,0.001382,1.562308,-0.829926,-0.059667,-0.02503,-0.209397,2.079996
multilinéaire,-0.260993,0.894261,-0.570702,-1.079475,0.752263,-1.384516,-1.144591,0.353885,2.112212,0.45587,-0.252088,-2.518471,0.680427,-0.301371,0.141017,1.042102,-0.513263,0.413556,0.330699,-0.857156,-0.677994,1.261795,-1.663324,-0.850241,0.410148,1.040115,0.488652,0.046025,0.156419,-0.081352,2.387279
Cantelli,-0.461936,0.296764,-0.423296,-1.272054,0.581592,0.260946,0.692641,0.035446,0.408223,0.671982,0.016399,-0.213422,1.075312,0.600684,-0.312173,-0.079678,-1.189095,0.205564,0.495732,-0.627471,-0.253673,-0.520583,-1.550777,0.087433,-0.417362,2.726726,0.324077,0.379201,-1.102442,-0.674554,0.625505
multivarié,0.072059,-0.292563,-0.688791,-0.296881,-1.517659,-0.273127,-0.320257,0.197528,0.844083,-0.664239,0.833568,-1.033959,0.352669,0.428853,1.125604,1.76056,-1.38176,0.120238,0.77221,-2.024078,-0.899553,-0.003836,-0.679821,0.91633,-0.84522,0.733536,-0.526404,0.643505,1.190871,-1.351163,1.497443
nappe,-0.919404,0.107853,-0.836531,-0.767756,0.971585,-1.268036,-0.86477,0.474462,-0.346503,-0.512707,0.222825,-0.321758,1.013008,-0.372753,1.252977,-0.454443,-1.013799,1.672001,1.088427,-0.87484,-0.285813,0.009042,0.591956,-0.398744,1.062097,-1.02456,-0.251346,0.662325,0.072295,-0.736596,0.588713
Stokes,-1.015615,-1.265127,1.009505,-0.589726,-0.288138,-0.84902,-1.060629,-0.557816,0.646484,-0.612598,0.019562,-1.591734,-0.545645,0.555647,0.390911,0.52214,-0.25957,0.190362,0.179705,-1.621321,-0.641996,1.433963,0.641466,0.374912,1.274169,0.885963,-0.815076,-0.296623,-0.378012,-0.851173,1.128928
$\aleph$,-0.367069,0.085401,0.794683,0.420488,-0.135031,-0.970672,-0.045852,-0.075207,0.31272,0.778212,-0.307737,-0.071877,0.789371,0.515051,-0.902109,0.885266,-1.23297,-0.165601,-0.080349,-0.517334,0.258676,-0.070198,-0.663144,-1.503339,0.188522,1.803436,-0.315152,0.113155,0.857953,-0.123451,1.459999
sinusoïdal,0.019018,-0.098356,0.557872,-0.155461,0.054697,0.025805,-1.20822,-0.990176,0.623314,-1.04892,-0.307843,-1.937666,0.615132,-0.68632,-0.648465,0.242372,-0.879313,0.257495,1.714184,-1.929015,-0.250971,2.254979,0.241889,0.456132,0.574029,-0.007037,-0.638573,0.205294,-0.471254,0.382696,1.048929
Burnside,-0.238141,-1.127287,0.164529,-1.006958,0.295489,-0.788409,-0.380688,-0.318438,0.625552,0.149514,0.786201,-1.507609,0.820977,0.747453,0.207787,0.244312,-0.80727,-0.738537,-0.120516,-0.011021,-1.429032,-0.22981,0.385535,0.485577,0.56823,1.674819,0.096824,-0.493801,-0.738954,-0.198259,0.155738
compagnon,-0.649088,-0.672363,0.326478,-0.856216,-0.526618,1.320251,0.373774,-0.263791,-0.259772,0.521917,0.222978,-0.653707,-0.362184,0.227797,-0.501679,-0.233499,0.254167,-0.263932,-0.675823,0.771891,0.763766,-0.317012,-0.335192,-0.316569,0.286752,-0.773075,0.551532,-0.131448,0.261847,0.025329,-0.843983
préfaisceau,-0.567111,-0.063673,-0.201402,-0.384624,-0.423728,-0.522952,-0.636472,0.852316,1.142404,0.213181,0.480897,-1.056509,0.308184,-0.017981,-0.046554,0.649511,-1.338677,0.068302,0.518535,-1.476807,-0.716218,0.401105,-1.265164,-0.142039,-0.558089,1.726682,-1.025367,0.006697,-0.613726,-0.22794,0.835594
dièdre,-1.087026,0.669079,-0.403308,-1.054627,0.274087,-0.25141,-0.757271,0.119019,0.180041,-0.531188,-1.032915,-2.041627,0.667475,0.707249,-0.490251,0.312363,-1.265164,-0.014174,1.616799,-1.294464,-0.100443,1.038693,0.197583,1.01532,0.553182,0.759481,0.8137,-0.399648,-0.701983,0.245735,-0.142739
distributivité,-0.201944,-0.027317,-1.911998,-1.028299,-0.13449,-0.872432,-1.236628,0.283112,0.640104,1.369639,-0.446108,-0.560218,0.818586,0.306767,1.006798,1.202508,-1.09788,0.761974,0.368223,-1.911565,0.04774,1.365294,0.365178,0.078762,0.310308,0.800225,0.580713,0.774234,-0.850955,-1.007209,1.446026
markovien,0.045008,-0.13223,-1.137642,-1.581558,-0.655587,-1.035804,-0.765474,0.027819,0.818988,-0.015097,-0.21231,-1.27346,0.243149,0.630473,0.182485,1.181739,-1.761056,0.31034,0.427261,-1.309419,-0.450561,0.50078,-0.881893,-0.095316,-0.185403,1.691051,-0.242874,0.338649,-0.96866,-0.134588,1.155989
autocorrélation,-0.608191,-1.118311,-0.010148,-1.131069,0.656833,-1.761647,-1.062196,-0.234539,1.237033,-1.006619,0.596421,-1.590628,-0.052201,0.667432,-0.805307,0.710644,-1.165426,0.097758,0.224325,-1.283681,0.572933,0.589793,-1.112203,-0.055532,0.623999,1.460542,0.526418,0.260537,-0.510921,-0.35736,0.097448
extensionnalité,-0.185652,-0.540325,-0.135108,-0.591219,-0.269951,-0.298191,-0.136864,0.655332,1.302475,0.631167,0.273225,-0.433547,0.829735,0.298694,-0.45038,1.196305,-0.693922,-0.29871,-0.007571,-1.760012,-0.786901,0.117548,-0.829658,0.479114,-0.673849,1.540379,-0.562963,0.192937,-0.861481,0.299728,0.75094
paracompact,-0.006403,-0.001914,-0.002857,0.006249,-0.005527,-0.002011,0.024981,-0.003342,0.001571,-0.00209,0.020353,-0.005212,0.014175,0.01442,0.0061,-0.01477,-0.00653,-0.004315,-0.003017,0.01531,0.006131,0.001497,-0.005435,-0.00744,-0.008361,-0.008149,-0.010993,0.002937,-0.003134,0.017861,-0.012593
sturmien,0.00705,0.0003,0.005812,-0.023093,-0.012283,0.003113,0.00151,-0.00755,0.012658,-0.013161,0.012337,-0.006807,0.009413,0.009008,0.021851,-0.014346,0.017111,0.003038,0.011646,-0.027502,-0.014594,0.023132,-0.002244,-0.011634,-0.008204,-0.007103,0.002066,-0.0122,0.015419,-0.009723,0.003514
cuboctaèdre,-1.040143,0.774146,-0.714807,-0.400679,0.128352,-0.484234,-0.149102,0.364997,1.135882,0.642649,0.545171,-0.947192,1.62466,0.496759,0.197033,1.099027,-1.486761,-0.024075,1.340767,-1.324405,-0.51166,0.667167,-0.476758,-0.801128,-0.172842,1.759174,-0.003719,0.008435,-0.165676,-0.551518,0.420543
permuter,-0.514864,-0.140773,0.441879,-0.905873,0.507683,-1.025712,-0.305636,-0.335882,0.354393,1.104037,0.441512,-1.278452,0.652539,-0.182595,-0.290377,0.875442,-1.145276,-1.011579,0.70157,-1.222445,0.627902,-0.446602,-0.122857,0.606678,0.191442,1.237866,-0.433611,0.477343,-0.339342,-0.118996,0.732022
diagonalisable,-0.322496,1.041275,-0.409071,0.384049,-1.049845,-1.093343,-1.617333,-1.675895,0.283641,1.172049,0.274938,-0.522453,0.572075,0.677123,-0.778404,1.416792,-1.639854,-0.215798,0.688446,-0.832056,1.120634,1.016725,-0.506189,-0.184603,1.644005,0.913222,-2.760295,-0.146172,-0.529461,0.598859,1.316243
népérien,0.14012,-0.27085,-1.270656,-0.63437,0.193724,-1.724276,-0.696148,1.186859,1.909391,0.203389,-0.634308,-2.655214,-0.716992,0.07564,0.306141,1.590557,-0.437334,-0.701414,0.325225,-2.002333,-0.617879,0.193317,-1.332914,0.684647,-0.09843,1.832359,0.514319,-0.393145,-1.923498,-0.037769,0.80401
hyperboloïde,-0.412955,-0.057587,-1.72231,-0.854707,-0.374009,-0.474629,-0.446375,0.222386,0.494235,-0.256646,-0.162115,-1.379283,0.521604,-0.178989,0.377791,0.559703,-1.824901,-0.07802,0.913883,-0.99068,-0.79454,0.975463,-1.188009,-1.079397,-0.068404,2.047321,0.883673,0.339063,-0.308818,-0.452649,1.133033
paraboloïde,-0.693171,-0.652128,-0.458006,-0.365628,-0.4739,-0.553639,-1.544982,0.827547,1.495846,1.18937,-1.199255,-1.387238,0.673326,-0.523189,-0.075751,0.697308,-1.111877,0.334043,1.356865,-1.508364,0.082922,1.161949,-0.970308,-1.550017,0.461424,1.615161,0.944101,0.252133,-0.111467,0.635912,1.320043
$\zeta$,-1.613616,-1.385203,-0.081276,-0.695798,-0.47806,-1.39246,-0.386365,-0.165181,0.804167,-0.3355,-0.687651,-0.527795,-0.737893,0.079651,-0.967357,0.773446,-0.447589,0.223187,0.414442,-2.468726,1.201933,1.238679,-0.206456,-0.207875,0.188424,1.381869,-0.127129,0.015701,-0.642962,-0.40289,0.454832
centième,-0.165115,0.032669,-0.387661,0.805218,-0.270533,0.472014,-0.155309,0.553442,0.169902,0.795874,1.459554,0.820004,-0.000255,-1.609372,-0.096924,0.965501,-1.615637,-1.473229,0.585169,-1.034035,0.544661,0.052147,0.173377,0.672815,-0.323357,0.386611,1.08864,0.388829,0.465481,-0.015487,-1.359277
millième,-1.223012,0.203834,-0.421558,0.511704,-0.866769,0.131529,-0.465229,0.913336,0.415154,0.665191,0.638253,0.305597,0.354886,-1.239452,-0.189172,0.820396,-1.610984,-1.107387,1.343605,-1.172923,0.016128,0.168279,-0.208598,0.960303,0.3528,0.873032,0.538369,0.807601,-0.061717,0.244255,-1.074353
soixante,-0.04102,-0.228749,-0.324495,0.399007,-0.377185,0.126019,-0.380851,0.576414,0.118063,0.257227,1.409195,0.023171,0.320505,-1.670199,0.066479,1.189752,-0.843762,-1.036042,-0.032863,-0.689766,0.631331,-0.38324,-0.501501,-0.253055,0.033902,-0.050494,0.91022,0.268495,0.362246,0.675359,-1.514954
